100
16 9999.9993 4.1920
9999.9994 35.2076
9999.9994 60.1562
9999.9991 27.6571
9999.9991 8.0515
9999.9991 13.8976
9999.9993 73.4097
9999.9993 33.6345
9999.9996 8.2131
9999.9998 44.4598
9999.9997 10.3568
9999.9998 4.1862
10000.0000 82.1354
9999.9991 98.1246
9999.9998 25.9247
9999.9996 88.5605
9999.9998 29.0072
52 4679.9085 0.1000
22.8507 66.0428
157.0848 1.0703
2858.1189 54.1646
9512.3939 53.5613
904.7550 60.9331
4669.1288 33.9895
1486.1698 39.8824
5142.5097 3.7217
1594.5011 58.7335
7535.6460 95.3000
2013.5255 91.0556
2469.0898 25.2067
2322.6326 77.9637
6375.3253 22.2083
4242.8355 83.9071
4224.0832 98.7681
5855.0106 86.8760
8547.4926 71.3005
811.6970 40.9326
345.4344 70.6403
1716.5046 79.6590
1465.6607 45.9537
4493.8702 52.0196
3217.5522 53.9371
7893.5647 35.9511
4768.6847 29.5897
3293.5030 69.7892
6607.3862 80.0432
5390.1952 13.2983
2869.9623 7.2975
9637.5073 47.9457
3922.2223 53.7099
9141.4876 8.4412
1906.6267 48.4856
5610.7847 21.0562
7702.5367 57.2886
5405.4408 56.9635
5791.0963 97.8470
1990.7105 74.3653
5779.4747 19.3751
8037.8489 0.1692
1035.4604 1.7317
4790.7090 29.6119
5247.9206 22.9370
9333.5166 91.5017
1324.0752 0.1000
1367.9743 13.1194
5533.3809 79.6862
1207.9845 35.6418
4145.8886 77.1574
5265.8869 79.0376
8075.3104 26.5315
9 394.0741 98.0743
9999.9993 93.0730
9999.9995 3.0255
9999.9994 98.0743
0.0008 94.9629
0.0005 90.6617
9999.9991 93.5246
0.0011 3.3556
0.0001 99.4507
9999.9992 94.3487
22 0.0009 37.0928
9999.9996 51.0825
0.0008 52.4821
7568.6821 82.9364
6540.2636 20.2853
8379.6348 45.1822
9713.5915 36.1621
8830.5607 17.9742
0.0004 24.3639
9999.9992 72.8171
9999.9991 67.3341
9999.9992 23.4610
5657.3045 71.5745
9011.5674 68.8463
9999.9994 4.5367
9999.9994 12.7891
0.0005 1.8128
0.0004 15.2636
9999.9992 7.5820
0.0011 8.6865
9999.9995 62.0606
0.0002 52.5236
0.0004 16.2857
88 219.6936 0.2746
2359.0125 4.0744
2518.6879 6.8777
7571.2647 0.2256
6886.9094 7.7288
8559.8041 3.6556
186.3601 95.5168
4620.8204 1.4485
4801.7131 92.0793
7737.5820 6.0452
9225.8547 4.8156
7288.2531 92.5218
4597.2265 91.2470
5458.0313 95.1467
2491.5390 7.2928
9770.3731 0.6424
3670.6214 2.7027
355.0705 92.1248
9677.7956 95.4693
1669.3138 95.8929
6410.0246 0.7586
8373.1715 5.9154
1183.1126 7.7787
436.4017 0.7819
3194.7568 97.7148
2625.6320 96.2812
4343.5742 7.8128
6886.5335 90.6042
2620.9583 92.2901
3864.4159 97.9527
6417.4426 6.0424
6730.4244 7.7288
4804.2611 91.2124
8581.6704 3.8622
3328.4055 8.1112
4298.5635 5.8167
5850.8388 97.2608
5387.7778 98.1482
3859.8063 95.0525
5717.6675 7.3646
9691.2797 1.3315
4126.7754 1.1821
9423.5502 5.5119
5822.2121 94.4979
4341.3737 95.3200
6259.5207 0.3338
3891.2497 90.6715
2648.9549 96.1620
5038.0615 8.4606
8083.0916 94.1730
3690.6313 99.0482
2470.4809 3.0814
3182.7307 93.9369
8764.6837 97.7251
2612.4456 92.3115
7078.9532 2.1704
5976.8047 93.5960
7174.5297 93.6119
9153.5328 98.7721
6315.9212 8.2480
5180.5038 99.2801
2787.0783 91.1355
2789.7276 4.7435
9833.4649 95.3022
1462.7073 96.8388
856.7362 97.9740
3169.8035 1.3140
9334.2705 98.2473
7281.7061 93.9234
5600.1017 2.5082
620.2745 93.3569
2422.3625 9.5237
1394.8432 2.1751
2173.5424 98.4924
3723.4838 7.8860
6475.1227 92.9175
7225.3898 94.9062
7699.9264 6.1060
4726.0056 91.0100
7655.1093 99.5196
3230.6886 95.3836
9075.3710 3.3739
3309.1401 97.0252
3010.3396 9.5150
3642.3306 3.2519
2851.6899 1.9058
8242.4363 96.8932
3245.5144 3.7349
3866.0196 98.3622
30 9999.9994 93.3191
9999.9997 23.8288
9999.9991 74.0823
9999.9995 35.0574
10000.0000 21.6259
9999.9999 22.3261
9999.9997 32.5263
9999.9990 27.8049
9999.9991 48.2738
9999.9990 72.6245
9999.9995 22.5843
9999.9993 89.0329
9999.9998 87.8560
9999.9992 16.4956
9999.9999 23.1377
9999.9999 73.1684
9999.9998 78.6148
9999.9993 69.4995
9999.9993 93.7674
9999.9995 94.1989
9999.9996 23.2404
9999.9997 36.7244
9999.9996 38.3289
9999.9995 48.6209
9999.9998 54.5732
9999.9991 39.4408
9999.9995 75.0425
9999.9994 8.0009
9999.9996 23.9466
9999.9998 15.9909
9999.9993 8.0907
100 9215.9746 50.3979
4589.5595 92.2232
8122.6728 8.0078
6253.7446 94.5265
2163.8949 6.2237
658.5287 5.3110
7567.7349 9.2395
3885.6930 90.7347
2903.8874 98.4068
7337.1639 90.7644
2874.4071 5.9454
261.5771 92.3560
1681.8426 91.9385
8205.4008 92.6322
1993.4338 2.9451
5119.5914 95.5706
5614.8998 93.2246
4557.7730 99.7063
354.4728 1.0426
2802.1445 2.2511
5628.5505 98.3085
5470.7831 95.6471
6008.0498 97.8259
8590.0223 0.4340
3044.5339 96.8607
5280.2424 4.1553
2269.5090 97.8501
1000.1202 94.7689
9079.5126 4.5169
2725.3356 92.6059
6345.3810 10.0620
6546.2453 3.9005
6373.2917 91.8486
5233.4579 97.2277
4968.7830 9.3776
8782.9122 7.6250
4607.4844 2.1403
1942.3239 99.6861
9634.3203 1.9141
2765.8252 95.2052
3923.4032 0.5645
3716.2995 8.1132
8245.3000 3.4564
4808.2040 95.1898
2877.3376 8.1727
5207.0378 6.1280
1034.3297 94.7115
6910.7740 94.5665
6957.9692 98.5073
9909.0805 98.7847
7182.9750 90.4140
8692.0991 7.6124
6469.8482 96.4789
7544.6192 6.7049
7972.1721 89.9988
2520.7215 4.4105
3485.8595 97.9347
1710.2720 6.4125
2647.9467 95.5550
2214.6235 96.0460
9446.5084 91.1541
9270.0681 1.7504
6235.4722 97.8045
4639.5457 94.8558
9992.1886 92.8304
9519.4206 96.6594
1360.9581 9.3197
6570.9636 3.1779
6362.3706 94.5726
4391.7719 5.7514
1124.6230 8.1769
3533.4513 8.5517
4029.4226 9.3268
6292.1174 90.6383
5617.0385 2.1273
213.4761 3.3747
1771.3488 93.6793
2474.2763 99.2491
7785.3247 2.3086
1315.6213 9.7880
9082.7421 3.7923
369.1319 8.4723
8866.5757 1.1324
4665.0196 0.9096
264.6604 96.0093
2727.4766 3.3507
5689.0652 94.1575
7999.0746 92.7889
1382.8670 92.9293
891.6607 90.0789
6073.0886 4.4465
2800.3210 97.4511
7632.0182 3.6540
4163.9500 99.4104
850.8744 91.4549
5321.9506 94.5035
5255.9158 99.8402
4964.4467 2.2956
7505.2812 9.9206
2475.6029 91.2913
7576.6329 0.2077
2 100.0000 75.6127
70.0263 75.6127
27.0364 27.7990
4 5000.0000 75.0000
10.0000 30.0000
20.0000 50.0000
300.0000 95.0000
40.0000 2.0000
98 10000.0000 49.8792
9367.8919 74.8910
9777.0270 83.0703
5.2481 72.8587
3318.9736 41.3866
4843.6111 80.8149
4115.1862 25.0007
6418.3960 48.3891
9410.2418 7.1451
1933.0458 96.0119
8718.9424 8.1548
3628.6946 70.3175
8751.9801 63.2754
379.8829 65.2263
6310.9717 17.3889
9692.5085 60.6187
1616.4972 89.1812
9354.5787 92.0976
3802.4075 96.6236
8735.0537 26.0984
1444.9110 6.1741
6817.6526 61.4961
9240.6487 94.3675
9793.8298 70.5092
4194.2912 62.8558
4091.9966 7.0179
1475.4662 58.9534
6935.0905 95.2537
5019.9842 27.9944
8279.8073 23.2794
2920.6328 58.9438
4789.2669 2.2077
6700.9874 12.8207
3943.7113 22.3782
9487.4309 10.2414
4754.1639 40.8783
3715.0547 74.0470
4694.7276 66.1491
6953.0962 73.2040
8499.8176 58.0900
572.9890 40.0982
9174.3022 92.7609
4700.8689 23.4879
9542.4759 71.5483
5398.6728 95.0440
4495.7188 59.9027
2356.3695 55.0078
7846.4283 23.4743
2915.4219 70.8818
839.4181 53.0484
7757.5187 97.4167
9342.4762 45.9454
5172.5763 20.9883
9286.9127 0.9257
2994.9612 85.1223
7880.0159 57.7737
4226.3083 97.6970
6708.2076 13.1260
7390.0556 76.7065
3787.5990 14.0970
4456.7487 60.8814
6049.4978 96.4395
6643.2341 89.2868
9013.6809 94.0941
4756.9623 85.3893
3925.0677 78.0813
5443.7557 21.4514
2557.5720 20.5030
6109.8668 2.7457
7423.0868 5.6903
6594.6012 80.0748
3985.4955 84.2809
8432.8371 29.1787
8544.9939 65.0547
5751.3394 64.9474
5520.1763 11.8131
4376.4315 98.8326
8699.5435 26.0796
486.6962 56.9305
9246.8833 27.0951
3397.4428 94.1600
2720.0670 28.6949
3587.8929 82.8917
8238.5238 73.5616
4874.7216 36.6755
8298.4025 45.7638
4756.1005 11.7123
3582.5845 62.1143
4415.5661 56.1969
6282.6212 20.3905
9832.4730 95.1231
1698.1425 91.2971
593.1953 80.4351
1547.0779 62.7355
3089.4222 78.1360
926.5570 52.2009
9480.5692 82.6303
2169.6090 7.0047
6738.8084 29.6892
33 7980.9426 1.9677
9999.9996 95.5517
9999.9995 89.9596
0.0006 8.1385
0.0009 2.6168
0.0010 92.8294
9999.9999 4.9392
9999.9997 5.7071
9999.9997 98.1763
0.0005 98.0849
9999.9994 2.1434
0.0001 96.1601
0.0001 99.1266
0.0010 6.7911
9999.9999 97.0046
0.0002 90.7247
9999.9995 91.3422
0.0003 97.0980
9999.9999 1.9869
9999.9999 92.4333
0.0007 96.2815
9999.9998 1.9485
0.0005 7.0735
9999.9999 90.9731
9999.9990 95.5127
0.0007 91.7661
9999.9994 5.8583
0.0006 97.6425
9999.9994 4.9442
0.0006 98.2815
0.0003 0.3342
0.0003 93.8216
9999.9995 90.4690
0.0009 90.8196
96 0.0003 73.9323
9999.9996 23.0212
9999.9995 46.1866
9999.9995 98.9489
9999.9993 75.8850
9999.9999 57.9358
9999.9993 66.0605
9999.9993 94.4727
9999.9992 40.1611
9999.9990 99.7631
9999.9990 57.6683
9999.9990 45.4783
9999.9999 73.9323
9999.9999 87.0708
9999.9996 83.7218
9999.9999 66.6043
9999.9993 76.9399
9999.9992 70.8791
9999.9998 71.7904
10000.0000 70.7579
9999.9994 26.8543
9999.9992 54.1888
9999.9995 95.2512
9999.9995 95.0618
9999.9995 22.8491
9999.9991 8.4966
9999.9996 93.7474
9999.9996 65.7792
9999.9995 57.4993
9999.9998 40.1098
9999.9997 79.1091
9999.9997 36.4638
9999.9997 54.0573
10000.0000 10.7153
9999.9998 2.2588
9999.9994 43.8295
9999.9999 75.4194
9999.9990 54.5379
9999.9999 83.7400
9999.9999 70.4178
10000.0000 62.9238
9999.9997 61.2306
9999.9997 73.8648
9999.9993 67.7393
9999.9999 90.5663
9999.9998 32.0145
9999.9991 52.3724
9999.9991 17.4037
9999.9992 82.6329
9999.9990 34.4358
9999.9996 9.0631
9999.9992 67.3985
9999.9991 62.2506
9999.9996 43.4745
9999.9996 40.7672
9999.9996 44.4216
9999.9998 29.5456
9999.9999 90.0211
9999.9991 18.5476
10000.0000 1.0138
9999.9994 27.4355
9999.9997 21.9462
9999.9997 50.9194
9999.9991 11.0178
10000.0000 77.0941
9999.9998 88.3209
9999.9991 25.7113
9999.9997 58.7729
9999.9993 65.6326
9999.9997 7.8180
9999.9995 7.4197
9999.9996 34.2685
9999.9994 96.7710
9999.9998 62.2954
9999.9997 89.5300
9999.9994 72.6967
9999.9998 87.6308
9999.9997 59.1488
9999.9999 78.0311
9999.9992 11.8218
9999.9995 25.5961
9999.9994 59.9031
9999.9994 95.6986
9999.9997 38.9095
9999.9995 69.8525
9999.9991 10.6578
9999.9993 14.9201
9999.9994 1.4506
9999.9998 32.8353
10000.0000 87.3447
9999.9998 51.5766
9999.9992 9.9369
9999.9999 63.8844
10000.0000 12.0581
9999.9993 53.3588
9999.9994 14.0685
9999.9997 96.8384
100 5012.5632 58.7683
6171.8553 85.2575
7566.6641 85.2575
5974.7760 85.2575
5528.0472 85.2575
2752.8765 85.2575
764.9877 85.2575
11.2020 85.2575
4604.5454 85.2575
9417.7799 85.2575
3790.7397 85.2575
8018.0864 85.2575
7767.2239 85.2575
4756.6285 85.2575
9188.2201 85.2575
9642.7212 85.2575
612.3018 85.2575
5501.7218 85.2575
299.0882 85.2575
8385.6388 85.2575
8271.6111 85.2575
8475.6061 85.2575
4619.8394 85.2575
533.0138 85.2575
2465.5781 85.2575
76.4666 85.2575
1121.9304 85.2575
4966.6752 85.2575
4538.4700 85.2575
8276.9916 85.2575
9323.3059 85.2575
7126.0731 85.2575
9609.3686 85.2575
9291.0210 85.2575
927.5971 85.2575
7880.0675 85.2575
5362.3762 85.2575
8319.3666 85.2575
9335.7032 85.2575
3348.5386 85.2575
3606.3250 85.2575
544.9599 85.2575
2016.2031 85.2575
5319.7276 85.2575
5429.5628 85.2575
8472.8099 85.2575
375.6910 85.2575
2583.9923 85.2575
5604.6269 85.2575
6911.8296 85.2575
7455.5978 85.2575
4312.6528 85.2575
3233.9275 85.2575
8817.7029 85.2575
1186.3504 85.2575
5451.3134 85.2575
7756.4466 85.2575
409.5397 85.2575
7950.8657 85.2575
9931.8990 85.2575
9006.6260 85.2575
3729.7368 85.2575
2543.8218 85.2575
5003.7423 85.2575
395.0582 85.2575
1150.5350 85.2575
4517.9557 85.2575
9075.0867 85.2575
2577.5725 85.2575
3032.4985 85.2575
4495.5594 85.2575
3684.3963 85.2575
7772.3911 85.2575
4485.2066 85.2575
2378.0488 85.2575
8035.9099 85.2575
2089.3064 85.2575
2021.3884 85.2575
4635.8516 85.2575
7378.2249 85.2575
8795.1734 85.2575
9556.5985 85.2575
8746.8812 85.2575
3944.2645 85.2575
4003.7916 85.2575
5395.5165 85.2575
6014.1959 85.2575
3596.8901 85.2575
4422.1002 85.2575
3613.1509 85.2575
3817.8921 85.2575
8008.5224 85.2575
4961.6431 85.2575
1433.8697 85.2575
8037.3789 85.2575
2067.1698 85.2575
7510.5115 85.2575
6580.5143 85.2575
1697.7584 85.2575
2965.9456 85.2575
6894.0104 85.2575
33 4554.7818 99.9000
9116.3846 20.3521
6177.8059 11.6851
8406.7871 93.5643
3341.7076 98.3276
1210.8620 87.3579
2520.9778 31.9614
3264.9089 11.9941
5111.9188 64.5914
9002.1781 15.0946
5476.0295 65.9344
5557.1872 40.1447
3590.0565 0.9417
4381.8659 14.0361
1277.0019 43.5568
9531.2362 55.2095
6663.1948 22.0420
3833.1389 4.3598
8368.1197 95.5043
1847.6485 53.3320
1176.0903 33.6932
2271.4994 69.6708
2496.8874 99.5000
3199.2832 98.3297
5336.5059 35.1527
4914.7433 57.4355
9540.2147 25.4282
827.5428 99.9000
771.9365 28.6746
743.6557 67.1687
7965.1764 42.7814
6203.7232 76.7183
6768.8896 68.6731
8323.1287 57.5958
1 7147.6723 43.1693
2681.4406 43.1685
3 9999.9991 82.4308
8442.9822 29.4099
9999.9991 44.9065
0.0002 83.0978
6 3854.5637 16.7892
5493.0427 62.6254
2976.7915 97.4897
5125.4918 26.0655
9866.7965 14.4824
6436.8968 98.2103
6860.6058 34.4218
21 9999.9990 50.2231
0.0003 95.2880
9999.9996 61.8701
0.0002 54.9648
9999.9992 35.2586
9999.9994 16.4946
9999.9998 22.9656
0.0009 78.5400
0.0001 90.3547
9999.9997 89.3461
0.0007 90.8790
0.0003 90.3163
9999.9992 30.4774
0.0009 39.1767
9999.9992 3.3197
9999.9991 7.3473
9999.9994 55.8768
0.0001 6.1890
0.0002 68.9519
9999.9995 15.1909
9999.9998 10.3140
0.0002 91.5638
41 9999.9994 0.8077
0.0007 91.6292
0.0008 94.8820
0.0007 26.2335
0.0010 32.4889
0.0002 40.2430
0.0007 14.5986
0.0004 0.8077
0.0007 13.3185
0.0009 82.7809
0.0011 9.9514
0.0006 59.8468
0.0003 23.5462
0.0002 10.0756
0.0004 83.2989
0.0007 13.5124
0.0007 82.8095
0.0002 32.2525
0.0008 79.2271
0.0009 1.8491
0.0006 24.0852
0.0009 77.0242
0.0004 8.9816
0.0007 4.7134
0.0010 8.8220
0.0006 70.8592
0.0004 62.0539
0.0005 93.8597
0.0006 63.5953
0.0005 66.0628
0.0007 9.1990
0.0006 95.1117
0.0003 69.2591
0.0004 93.3465
0.0006 18.8762
0.0004 11.1193
0.0003 62.7170
0.0008 63.5781
0.0010 61.2124
0.0006 63.2265
0.0003 1.6740
0.0006 51.3263
32 9999.9991 2.9642
9999.9992 98.9266
9999.9997 13.3420
9999.9999 68.1719
9999.9994 61.8044
9999.9997 28.3532
9999.9997 34.9799
9999.9991 35.9210
9999.9996 67.8940
9999.9999 80.3881
9999.9998 26.8328
9999.9994 52.7029
9999.9994 5.0223
9999.9999 14.1208
9999.9990 23.0693
9999.9994 59.0808
9999.9996 46.0087
9999.9998 44.3146
9999.9999 36.7023
9999.9998 36.6628
9999.9992 45.6861
9999.9999 22.7577
9999.9991 92.6994
9999.9993 31.9100
9999.9997 62.4151
9999.9991 61.9806
9999.9990 10.5473
9999.9998 38.4294
9999.9994 13.8226
9999.9996 10.7173
9999.9990 67.3911
10000.0000 2.9652
9999.9992 84.7292
76 9999.9990 98.7549
0.0009 80.3682
0.0004 39.9976
0.0002 8.8763
0.0010 81.7982
0.0010 41.4417
0.0010 82.1171
0.0003 20.9550
0.0009 74.4126
0.0008 60.9616
0.0009 58.0654
0.0002 78.9816
0.0008 87.0981
0.0003 89.3945
0.0009 1.4297
0.0006 69.2716
0.0006 45.8629
0.0008 75.2227
0.0007 66.2320
0.0002 56.5580
0.0003 7.5365
0.0007 33.9984
0.0002 43.2974
0.0007 96.4925
0.0006 27.1900
0.0009 39.6052
0.0004 85.4816
0.0008 53.0411
0.0006 74.6096
0.0004 98.7546
0.0007 43.0713
0.0007 75.6841
0.0009 65.9536
0.0004 82.8301
0.0003 21.3343
0.0005 61.7018
0.0011 39.8633
0.0005 53.0421
0.0004 7.3397
0.0004 35.7213
0.0005 24.0376
0.0008 94.2597
0.0008 72.2136
0.0008 86.8699
0.0007 56.6594
0.0005 24.3050
0.0009 2.7158
0.0005 67.0238
0.0004 80.9143
0.0004 40.6168
0.0007 43.4458
0.0003 95.1499
0.0011 98.4896
0.0010 78.6030
0.0009 59.9950
0.0004 92.0637
0.0010 93.0208
0.0002 39.3035
0.0011 42.3161
0.0008 63.3313
0.0006 67.8763
0.0001 39.0969
0.0004 70.1899
0.0003 22.6225
0.0004 39.6308
0.0011 80.3553
0.0003 88.1485
0.0010 67.7458
0.0007 33.0574
0.0005 27.9424
0.0008 35.4015
0.0002 36.6759
0.0007 85.4172
0.0009 33.1203
0.0004 49.7453
0.0007 47.2205
0.0010 28.9887
2 100.0000 65.1587
0.0001 65.1587
99.9999 65.1586
49 9999.9993 43.9242
5770.1606 22.4274
0.0009 35.8000
4165.7664 4.7825
5508.4274 2.2247
0.0011 39.8666
4319.1116 55.5383
0.0007 83.3871
7688.5727 12.2382
9999.9998 79.9126
9999.9997 75.4408
9999.9994 46.3757
1202.0644 19.8536
9999.9994 95.7282
0.0005 9.6573
0.0007 71.6050
0.0004 64.2514
0.0009 47.2359
9999.9997 69.5091
0.0011 62.6225
0.0005 13.9821
9999.9992 17.5900
9999.9996 18.2037
0.0004 79.7941
0.0010 78.6604
2846.7190 2.6066
9999.9999 34.7544
9999.9997 43.2501
8379.8750 23.8019
9999.9997 28.9852
0.0010 29.8038
6957.4821 53.0837
4164.5349 43.9242
10000.0000 32.3280
9999.9991 41.7328
6432.9551 15.8218
0.0006 63.0464
9999.9995 71.4278
0.0007 84.6900
4809.4501 40.9111
7003.7927 12.2287
9999.9993 5.8757
1408.9628 33.6162
9999.9992 50.2738
0.0009 9.0999
9844.0350 21.3656
9999.9992 22.2394
2194.8271 6.1064
1697.1942 72.3655
0.0011 16.9590
60 0.0010 73.1735
0.0002 45.9728
0.0009 72.2604
0.0008 0.2086
0.0011 23.7818
0.0004 20.3477
0.0010 77.5863
0.0010 77.6561
0.0007 94.9001
0.0010 39.9061
0.0004 38.8294
0.0002 59.6935
0.0001 2.8678
0.0007 73.1735
0.0003 74.3135
0.0011 37.6145
0.0006 41.9715
0.0005 5.3388
0.0007 29.8135
0.0004 95.7932
0.0008 40.4388
0.0009 16.7294
0.0007 33.7062
0.0002 87.2609
0.0005 52.5466
0.0005 1.3121
0.0004 95.9713
0.0011 94.7898
0.0007 33.0426
0.0010 7.7512
0.0002 15.2586
0.0010 88.4486
0.0002 60.3764
0.0009 52.1641
0.0004 98.6213
0.0009 4.7922
0.0003 88.7569
0.0008 99.2144
0.0004 46.5425
0.0009 3.0910
0.0006 89.0118
0.0008 65.9229
0.0006 38.3482
0.0002 20.0524
0.0003 25.6335
0.0008 35.4548
0.0003 15.6541
0.0005 31.9121
0.0008 55.2935
0.0010 47.8822
0.0010 84.7891
0.0003 2.9403
0.0003 9.1869
0.0009 25.0193
0.0005 41.6631
0.0004 1.7380
0.0004 14.8036
0.0008 70.9701
0.0003 93.1846
0.0003 21.4928
0.0003 89.9698
92 0.0001 48.3695
0.0004 43.5970
0.0003 85.7077
0.0005 25.3016
0.0010 2.0973
0.0007 38.1057
0.0002 25.4334
0.0007 46.2029
0.0007 44.7405
0.0009 37.7543
0.0006 58.6670
0.0005 50.5708
0.0009 67.1195
0.0009 83.8848
0.0009 26.5983
0.0003 61.7620
0.0005 47.1809
0.0001 79.4657
0.0009 83.4430
0.0009 96.5402
0.0005 56.8062
0.0005 8.3130
0.0010 22.1438
0.0009 63.8953
0.0003 59.3814
0.0010 31.1390
0.0003 6.3813
0.0006 35.7822
0.0011 45.9023
0.0008 25.9603
0.0001 75.8874
0.0005 79.5510
0.0003 48.0048
0.0007 80.5245
0.0009 36.3264
0.0008 67.2271
0.0008 66.4837
0.0006 1.7124
0.0004 76.6148
0.0007 97.9556
0.0007 63.8952
0.0009 60.1087
0.0005 51.2671
0.0003 8.4525
0.0007 56.2041
0.0001 27.4607
0.0002 90.4623
0.0004 74.2154
0.0010 9.9225
0.0007 48.6463
0.0005 89.5697
0.0009 8.4800
0.0008 47.8652
0.0004 43.1407
0.0009 11.7625
0.0006 9.7677
0.0007 6.4936
0.0004 24.8110
0.0008 92.4991
0.0003 96.6591
0.0010 80.4994
0.0002 32.0629
0.0010 36.7554
0.0005 37.9702
0.0008 65.3307
0.0007 19.4340
0.0009 46.4617
0.0009 16.5743
0.0011 56.4633
0.0004 24.3435
0.0009 52.0250
0.0010 79.6429
0.0010 73.3948
0.0005 39.9495
0.0003 23.8981
0.0005 32.8076
0.0005 26.1133
0.0005 49.7409
0.0009 2.2685
0.0009 48.2372
0.0004 78.3165
0.0003 64.3755
0.0007 95.8459
0.0005 3.1892
0.0003 60.0401
0.0005 60.4303
0.0008 82.5116
0.0006 10.2211
0.0001 0.7421
0.0002 37.7242
0.0003 50.4233
0.0006 93.3438
0.0009 57.0043
2 0.0001 0.1000
0.0001 0.1002
0.0001 0.1001
98 9999.9995 50.3518
0.0002 11.7455
0.0003 57.2051
0.0009 2.3726
0.0007 96.2284
0.0010 35.8256
0.0007 40.2391
0.0009 87.2128
0.0008 73.2777
0.0007 7.6535
0.0003 22.9418
0.0008 97.2637
0.0002 87.8278
0.0002 75.7226
0.0006 46.5941
0.0009 46.0621
0.0008 49.8352
0.0008 96.6533
0.0005 70.6256
0.0009 43.1600
0.0004 90.6158
0.0005 2.8247
0.0008 41.8534
0.0008 48.4322
0.0003 72.2874
0.0003 92.1977
0.0001 26.4262
0.0003 15.6259
0.0007 23.8346
0.0007 92.1237
0.0010 9.6594
0.0005 63.2540
0.0003 84.3393
0.0003 86.7636
0.0003 28.2951
0.0002 17.8749
0.0009 77.7431
0.0010 83.7589
0.0005 50.5063
0.0003 55.5722
0.0007 90.0260
0.0004 3.4392
0.0004 52.7609
0.0009 17.0956
0.0010 6.9507
0.0004 34.4189
0.0006 6.8581
0.0004 0.4530
0.0007 75.1527
0.0004 32.8699
0.0005 93.7360
0.0010 38.2795
0.0001 43.7946
0.0008 41.5949
0.0005 86.4502
0.0005 49.5909
0.0007 81.6968
0.0006 39.4284
0.0009 10.1018
0.0001 38.6187
0.0001 18.7894
0.0009 59.3631
0.0004 28.4501
0.0004 65.3556
0.0003 38.4877
0.0004 95.5285
0.0002 75.1180
0.0010 87.3071
0.0007 1.1762
0.0008 53.3891
0.0006 57.0603
0.0001 70.0537
0.0006 52.3848
0.0005 33.3994
0.0002 6.0185
0.0003 85.1279
0.0005 67.0549
0.0007 39.9604
0.0006 66.3998
0.0010 50.0049
0.0006 12.7010
0.0008 10.8763
0.0008 41.4137
0.0008 83.6716
0.0011 0.8516
0.0008 18.7396
0.0008 40.7375
0.0006 89.9005
0.0002 39.1030
0.0006 7.4603
0.0002 87.8470
0.0006 89.5175
0.0004 56.0866
0.0011 28.2640
0.0005 48.8283
0.0008 87.0546
0.0011 81.2229
0.0002 27.9483
0.0004 76.0671
89 0.0003 1.4638
9999.9998 73.2870
9999.9994 44.8355
9999.9998 78.0835
9999.9994 50.2947
9999.9996 14.9690
9999.9999 57.4104
9999.9991 31.0182
10000.0000 84.6328
9999.9995 61.5613
9999.9991 29.4017
9999.9998 26.5071
9999.9996 53.2489
9999.9995 41.5455
9999.9995 64.5966
9999.9998 15.9900
9999.9995 55.5185
9999.9998 37.7073
10000.0000 79.1506
9999.9990 66.8128
9999.9992 67.1293
9999.9994 53.5499
9999.9996 46.2082
9999.9993 92.2767
9999.9994 18.5663
9999.9990 28.4784
9999.9991 11.4388
9999.9996 60.6450
9999.9999 57.5248
9999.9992 94.7113
9999.9998 71.4382
9999.9997 75.5331
9999.9996 42.5813
9999.9992 33.9775
9999.9999 44.2700
9999.9997 1.4638
9999.9996 2.9542
9999.9997 15.9235
9999.9992 4.9858
9999.9994 89.0156
9999.9995 21.1835
10000.0000 24.0784
9999.9997 61.1683
9999.9991 12.3785
9999.9999 97.1907
9999.9999 20.3273
9999.9997 12.1631
9999.9999 79.3418
9999.9993 74.5467
9999.9994 79.6488
9999.9995 43.4220
9999.9991 86.9818
9999.9998 90.7485
9999.9996 67.1153
9999.9998 84.3253
9999.9991 69.8687
10000.0000 26.3453
9999.9995 15.3690
9999.9998 26.7530
9999.9993 30.4963
9999.9996 93.2471
9999.9994 93.4691
9999.9994 2.2673
9999.9996 78.3537
9999.9993 92.7913
9999.9995 14.6062
9999.9996 94.1263
9999.9992 11.0441
9999.9997 61.1715
9999.9997 83.6841
9999.9992 87.5506
9999.9997 42.5686
9999.9991 16.9655
9999.9991 89.9937
9999.9991 98.6365
9999.9994 44.2832
9999.9997 72.5992
9999.9998 81.9629
9999.9998 93.1706
9999.9997 51.9792
9999.9996 59.5819
9999.9997 50.0170
9999.9999 73.4580
9999.9998 46.4657
9999.9999 64.2451
9999.9998 6.5307
9999.9993 86.9800
9999.9997 91.5989
9999.9990 2.0028
9999.9995 75.1407
8 2111.4193 17.0654
9845.2733 97.1011
4636.0782 51.4113
5261.0610 81.1036
1098.2305 17.0665
2741.3209 56.9844
8260.9997 82.1746
1828.1025 59.1234
8459.0194 46.0574
61 9999.9992 98.3166
9999.9991 23.2415
9989.3828 62.2197
9999.9996 36.4324
7533.6682 95.6472
4426.3762 88.6430
0.0006 39.0622
9999.9995 23.5213
9602.4895 40.7809
9999.9994 22.7831
0.0002 47.9177
0.0006 26.0266
0.0002 82.7789
8038.4222 51.9572
8296.1858 11.5925
9999.9990 0.7670
9999.9996 64.2168
0.0001 51.8098
0.0006 44.7366
0.0004 86.5965
9999.9992 1.1499
9999.9997 63.6674
0.0003 2.8190
9999.9993 5.7766
0.0005 18.9900
0.0006 32.0003
9999.9997 90.7167
9999.9991 29.4799
6105.2621 60.7087
9999.9996 22.7609
3683.5229 64.1846
0.0010 57.2954
9737.7753 32.2333
0.0005 42.5085
0.0002 98.3166
4537.8209 96.4223
8277.7572 57.9397
9999.9996 9.7557
2374.7554 50.3566
9999.9994 86.9146
1339.4696 62.1719
0.0001 86.0637
4938.3894 11.2102
7950.4436 50.4090
0.0004 75.1213
361.1190 37.7496
7411.9174 0.8739
0.0007 47.1350
7686.2480 15.2279
0.0003 49.0220
0.0006 7.7394
9999.9995 7.1032
9999.9997 67.7390
9999.9996 36.2091
6829.8597 64.7608
9999.9993 84.5133
9999.9992 41.5142
3224.1101 43.0921
0.0009 8.8522
8257.0355 35.1113
0.0009 22.7101
9999.9990 13.1787
73 0.0002 0.2984
0.0004 55.3032
0.0005 71.4969
9999.9993 90.8975
9999.9992 49.3114
0.0007 58.7661
2888.4581 50.1182
9999.9993 7.2203
0.0007 2.7458
0.0008 97.4769
5439.4816 10.4558
0.0002 49.4862
9999.9993 3.9551
6701.6762 27.0209
2542.1305 47.6548
9999.9993 71.0450
9999.9995 42.1172
0.0007 25.1218
0.0009 57.1854
508.6557 65.4474
8500.7534 83.9754
0.0006 62.8629
9996.3981 4.9209
9457.9742 40.3607
2878.1148 71.3049
9999.9993 95.8750
0.0007 85.8103
806.2391 40.8281
9999.9993 14.8103
0.0011 39.2743
0.0011 9.2234
638.9235 3.0544
9999.9994 23.8376
9999.9999 53.3084
0.0004 8.8429
0.0007 35.8351
0.0003 68.0143
4850.3781 99.4082
9999.9996 83.1562
0.0004 38.8887
9688.3482 3.2357
5461.1074 79.1650
8457.8844 83.5359
9999.9993 1.8848
0.0009 37.1225
2390.9557 71.3617
9999.9993 47.5358
885.4573 57.8448
9999.9999 37.6093
5363.7345 92.2225
9999.9998 61.7507
2266.6866 32.2673
9999.9991 33.9190
6029.0536 92.9690
0.0001 93.6701
0.0007 23.8926
9999.9991 49.2524
4011.6524 73.3089
9999.9995 81.1384
0.0008 94.8585
9999.9999 30.7281
0.0008 19.9042
3837.6456 56.9055
0.0006 36.3844
9999.9999 0.2980
9999.9996 11.4272
0.0007 39.7327
0.0004 67.5239
0.0009 95.1018
9999.9993 32.0619
9999.9995 56.1893
4694.6456 43.8444
9999.9993 93.0375
214.9586 45.6555
16 9999.9991 58.6207
0.0007 94.5499
5505.2842 7.0762
7615.5004 35.5395
0.0008 33.3043
9999.9999 58.1392
455.3582 4.7083
9999.9997 95.5140
0.0008 40.1608
3114.3298 63.3124
9999.9991 79.0927
0.0004 86.1817
10000.0000 82.1934
0.0006 54.9544
9999.9994 88.7742
6818.8740 21.7500
9511.7677 92.6801
2 59.1081 96.8236
85.9566 98.5488
45.9915 93.5993
51 9999.9995 0.3918
0.0003 58.2022
9999.9993 91.8577
9999.9993 92.2047
0.0001 26.7421
9999.9993 67.0992
9999.9993 50.2791
0.0007 52.3447
9999.9993 42.9169
9999.9995 92.5001
9999.9996 57.2918
9999.9997 85.7910
9999.9992 94.7240
0.0003 50.0329
0.0010 56.8205
0.0008 74.1810
0.0007 23.5481
0.0008 50.1343
9999.9990 33.7487
9999.9992 1.1039
9999.9996 98.1340
0.0005 80.5526
9999.9991 7.6334
0.0004 26.4398
9999.9999 53.4384
0.0001 92.7326
9999.9998 6.0590
0.0005 85.0068
0.0009 94.2014
9999.9992 84.8350
0.0004 75.4069
9999.9993 53.0515
0.0006 48.4588
9999.9997 34.5001
9999.9995 29.6152
9999.9999 57.0109
9999.9999 80.5129
0.0004 58.7232
9999.9994 27.7259
9999.9992 55.9727
0.0011 0.3914
9999.9990 18.4648
0.0004 37.5015
0.0005 51.4760
9999.9997 73.2005
9999.9992 91.2408
0.0004 9.6046
0.0001 56.8560
0.0004 91.2342
0.0001 98.0911
0.0008 34.9458
0.0004 80.3843
97 9999.9994 96.3112
0.0007 28.7605
0.0005 40.6943
9999.9992 51.5386
0.0004 5.5407
10000.0000 49.1189
0.0008 95.9346
0.0009 66.8628
0.0010 35.2487
9999.9990 73.7021
9999.9990 53.7359
0.0006 82.5879
9999.9996 44.7064
9999.9993 96.3112
9999.9991 51.2743
0.0003 78.2907
0.0004 94.0084
9999.9991 31.9217
9999.9994 10.6768
9999.9997 4.0362
9999.9993 79.4573
9999.9990 25.2380
9999.9992 65.9433
9999.9992 94.8721
0.0006 22.0713
9999.9994 15.6648
9999.9996 86.7072
0.0008 24.6694
0.0005 70.7842
0.0004 79.6155
0.0005 33.2515
0.0002 63.0456
9999.9998 38.9515
0.0008 16.8171
9999.9999 16.3959
0.0002 82.7544
9999.9997 35.3625
0.0007 24.2705
0.0008 20.7545
0.0010 44.9929
10000.0000 55.3306
0.0008 56.7813
0.0009 86.4232
9999.9996 32.5786
0.0010 59.9436
9999.9991 32.1256
0.0005 20.6823
0.0010 58.1041
0.0008 65.3003
0.0003 82.1493
9999.9995 33.9462
0.0004 62.0535
9999.9999 13.7105
9999.9994 20.0267
9999.9997 63.0608
9999.9998 23.8805
9999.9994 33.3515
9999.9990 61.0150
0.0007 65.0802
9999.9999 11.1236
9999.9997 64.0990
0.0006 33.9567
9999.9991 43.0283
9999.9995 61.7691
0.0003 45.1359
0.0008 5.3199
9999.9995 4.7201
0.0005 18.9883
9999.9999 33.8694
9999.9997 46.3941
0.0002 31.2633
0.0004 84.3664
0.0003 88.6697
0.0005 72.7930
0.0009 90.9550
0.0005 94.5138
0.0007 44.6528
9999.9992 91.1382
0.0011 16.6716
9999.9998 88.8207
0.0006 4.2603
9999.9998 75.6972
9999.9993 26.8868
9999.9994 21.2100
0.0011 78.8504
0.0011 14.9160
9999.9993 91.4417
9999.9991 55.3998
9999.9998 86.9150
0.0007 42.6736
9999.9992 55.6121
9999.9992 18.2256
0.0004 30.8352
0.0006 17.5049
0.0010 77.7597
0.0007 32.3059
9999.9991 65.6081
9999.9994 51.9964
23 9999.9996 97.5012
0.0002 19.2367
0.0004 41.0983
0.0004 49.6660
0.0006 26.1542
0.0004 81.5528
0.0009 97.5012
0.0004 95.2776
0.0008 9.7076
0.0002 44.7822
0.0008 73.6250
0.0008 96.8352
0.0004 86.3057
0.0002 2.9940
0.0009 74.9232
0.0008 56.8348
0.0008 6.0086
0.0010 39.5800
0.0001 57.7465
0.0002 45.1704
0.0007 31.3900
0.0011 25.8474
0.0003 76.5432
0.0004 70.6600
66 9999.9999 0.5413
7572.4278 52.6232
0.0007 0.5413
6299.1825 97.3014
6660.5193 15.4200
1574.1502 38.3150
9999.9997 94.5499
9999.9998 33.5755
9999.9993 79.4046
0.0004 80.7658
9999.9993 37.2028
5522.6179 61.8315
0.0007 54.6983
9999.9999 16.7900
9999.9990 61.2776
0.0006 67.2429
0.0008 39.9001
0.0006 11.9227
7890.8488 3.7286
9999.9997 67.7860
0.0008 55.2751
9999.9994 11.9126
9999.9991 62.2873
2272.0771 36.9628
9999.9994 72.2327
0.0006 90.1298
9999.9997 6.7451
0.0010 17.3301
3846.3941 77.9221
2895.5668 39.6967
9999.9994 58.6209
8532.5911 81.6744
3186.5561 98.4318
0.0001 58.3085
0.0008 42.8307
0.0007 68.7021
3793.4045 96.7288
6078.8694 76.7084
1784.5051 13.3072
9999.9996 79.7060
0.0005 47.1886
7326.4817 61.3170
8570.2448 75.5550
10000.0000 14.2332
7840.2816 84.3000
0.0006 44.3112
0.0003 56.6042
0.0005 73.1929
9999.9997 59.1745
0.0003 0.6495
10000.0000 24.3232
9999.9996 86.9490
1814.3357 10.6762
0.0011 11.0999
9999.9995 32.7488
2499.3880 80.8224
9999.9997 43.0851
0.0002 1.7639
6680.2485 46.2633
0.0009 62.5027
336.8559 84.3466
0.0002 39.6868
9999.9991 90.6834
9999.9990 44.8263
0.0007 62.5716
9999.9997 17.1339
2335.9396 33.8168
97 9999.9994 0.3816
9999.9993 15.8504
9999.9996 5.3674
9999.9996 93.0478
9999.9993 44.5036
9999.9998 86.8760
9999.9994 28.1342
9999.9999 71.6467
9999.9995 43.4683
9999.9992 95.2085
9999.9995 65.2926
9999.9995 39.2405
9999.9990 35.7032
9999.9996 41.6475
9999.9995 31.1643
9999.9997 43.7188
9999.9995 0.3816
9999.9996 20.8269
9999.9993 75.1110
9999.9991 43.6667
9999.9997 17.8982
9999.9995 50.1435
9999.9994 43.3008
9999.9995 68.6485
9999.9996 46.2480
9999.9995 10.0791
9999.9992 56.1162
9999.9991 93.7813
9999.9992 83.6509
9999.9999 27.8142
9999.9996 97.1080
9999.9997 7.8326
9999.9999 5.3759
9999.9992 97.2693
9999.9992 42.5413
9999.9991 36.3478
9999.9999 74.9438
9999.9995 46.6209
9999.9995 53.6177
9999.9992 22.1195
9999.9997 63.2435
9999.9997 40.2675
9999.9991 38.3291
9999.9994 76.2097
9999.9994 31.8121
9999.9995 82.5687
9999.9999 23.8907
9999.9991 9.4025
9999.9992 30.5283
9999.9991 7.4926
9999.9995 3.5729
9999.9999 57.3717
9999.9994 44.8327
9999.9992 8.1596
10000.0000 72.7340
9999.9994 11.7888
9999.9992 57.8390
9999.9996 65.5069
9999.9992 15.4102
9999.9993 18.4076
9999.9992 36.2163
9999.9994 68.9786
9999.9999 35.5051
9999.9990 93.3731
9999.9993 20.5757
9999.9992 67.2740
9999.9992 66.3180
9999.9991 92.0832
9999.9996 15.0086
10000.0000 18.8393
9999.9996 99.1500
9999.9991 59.6692
9999.9991 52.9683
9999.9994 22.2589
9999.9996 34.3226
9999.9995 47.7494
9999.9996 26.7070
9999.9994 61.0756
9999.9998 11.8130
9999.9999 63.2740
9999.9995 8.8136
9999.9991 96.1631
9999.9991 78.5259
9999.9993 15.5105
9999.9993 0.4214
10000.0000 62.2388
9999.9991 51.3639
9999.9993 34.3825
9999.9996 36.1735
10000.0000 78.4919
9999.9995 50.5129
9999.9994 67.5480
9999.9995 78.2705
9999.9994 27.7022
9999.9994 19.7297
9999.9990 66.5372
9999.9991 96.4631
9999.9995 44.8440
2 99.9995 28.7422
80.3785 0.1692
99.9999 28.7422
99 0.0001 49.5735
9543.5596 64.4910
479.0477 81.6762
8516.4616 39.9670
4613.6317 92.9887
3432.5485 98.8292
2027.1423 12.8921
2066.0999 38.0317
6048.9135 48.6328
5012.8779 54.1116
9618.7144 17.7599
5509.4754 96.4528
1247.6928 38.2308
2364.9699 32.3920
9117.7716 88.8622
9480.4638 29.7993
5109.3059 53.1148
9531.2374 18.1105
8659.3667 15.3554
680.5187 44.4813
6745.2703 57.3459
6272.8476 58.0474
2761.1271 9.4070
4983.3019 46.6792
7603.2189 59.8970
3368.9173 67.4744
9570.0382 28.8637
8881.2004 59.1069
1880.8427 13.2300
3431.2026 8.9448
2262.5339 71.2672
2573.9434 26.5661
2535.8052 40.9392
1672.3664 65.5650
3561.4523 90.8771
1499.9666 6.6313
9912.0212 27.2899
7931.4022 66.5012
5782.6982 9.2324
1128.5133 31.6968
1616.2747 58.7237
4568.7061 72.5456
6080.3673 41.6352
2163.0447 89.6410
2924.5269 54.0180
9382.7935 93.0700
8682.8364 52.6461
400.9465 23.2493
717.1729 42.1585
8766.4362 93.3046
2760.2115 92.1186
2222.9737 36.1258
913.1741 47.2822
304.3730 51.4539
9374.7253 68.3589
9184.0509 87.8884
1774.2410 56.7856
2883.6268 70.3090
2.7134 63.2380
5577.7060 44.1450
4674.8444 19.2072
9274.5580 98.1365
2847.2889 4.7944
6823.9784 35.9859
5932.0930 56.7144
658.9923 41.6716
7991.2529 56.5557
6489.4979 29.3558
67.3976 17.1197
9643.9627 70.9352
6301.9685 76.1234
7819.6540 26.7139
2746.7495 19.7805
2487.0030 60.0092
4281.0688 72.7976
8034.0415 92.5212
302.0853 76.5578
6437.0494 79.8428
8715.7739 53.5000
7218.5377 67.8981
5180.0263 57.9294
802.7876 64.2912
8425.0398 51.7186
2188.6805 0.3179
583.9805 36.9650
694.1812 75.0601
6588.4533 73.2168
634.5051 65.6426
3222.0132 90.7114
1523.0619 31.6107
8216.4545 4.2857
3026.3461 17.3265
8067.8538 84.2709
4035.1539 92.8785
8962.6416 2.3984
4727.6542 63.2330
6905.1922 10.0129
6162.9459 93.5978
5856.0650 48.9547
457.5899 85.1962
33 0.0006 91.9138
9999.9998 91.9138
9999.9996 48.3562
9999.9991 47.8365
9999.9992 21.5437
9999.9991 38.4054
9999.9998 83.2429
9999.9995 29.8763
9999.9993 46.8499
9999.9997 89.6898
9999.9997 68.6256
9999.9992 20.0378
9999.9998 9.0947
9999.9991 59.1729
9999.9991 34.7819
9999.9999 61.8857
9999.9998 20.0945
9999.9996 13.7091
9999.9992 43.9966
10000.0000 20.0001
9999.9992 4.0903
9999.9992 88.1056
9999.9996 51.5500
9999.9994 34.7276
9999.9994 36.2793
9999.9998 22.1806
9999.9998 44.8349
9999.9992 11.0218
9999.9999 7.5963
9999.9992 11.1300
9999.9990 74.4655
9999.9993 76.6630
9999.9997 17.6693
10000.0000 36.1615
32 0.0009 1.0391
0.0008 33.6864
0.0003 42.1038
0.0010 64.9110
9999.9993 90.6191
10000.0000 41.3133
0.0011 13.5814
9999.9990 64.1103
9999.9993 64.4148
0.0008 58.1997
9999.9997 20.3330
9999.9995 47.1810
0.0002 84.2541
9999.9992 1.0391
0.0009 20.3492
0.0007 15.8139
0.0004 62.0222
9999.9999 10.2592
9999.9999 27.6627
0.0007 43.1632
0.0005 8.9327
0.0010 16.6516
9999.9991 20.1955
0.0004 38.5461
0.0006 70.5061
9999.9996 69.2319
9999.9990 51.1452
9999.9992 11.9576
9999.9991 71.0406
0.0009 32.8149
9999.9996 66.6927
9999.9993 85.3384
0.0002 93.6350
2 30.0000 65.4321
0.0001 50.0000
100.0000 99.9000
1 10.0000 50.0000
0.2000 50.0000
100 5050.0373 64.8036
9999.9994 93.6402
9999.9996 99.0275
0.0001 6.6765
9999.9992 2.9443
9999.9993 6.1582
0.0006 98.3545
9999.9995 98.2971
9999.9993 91.0139
0.0010 6.3481
0.0004 97.4843
0.0011 96.8424
0.0010 3.7036
10000.0000 92.6024
0.0009 6.9373
9999.9990 7.4620
0.0008 98.8458
0.0005 92.6270
9999.9997 98.0552
9999.9990 90.9596
0.0008 91.2211
9999.9994 98.2975
0.0007 93.6840
9999.9991 95.9774
0.0002 6.3225
0.0001 8.1121
9999.9993 97.1116
0.0011 92.9846
9999.9997 92.9706
0.0002 92.8290
0.0005 98.2792
0.0003 92.0898
9999.9994 97.5501
0.0007 98.8875
9999.9996 94.7936
0.0007 99.8159
0.0007 94.2269
9999.9995 93.0331
0.0006 98.9914
9999.9993 92.3019
9999.9997 97.8638
9999.9996 95.8228
0.0002 2.8221
9999.9998 90.4309
0.0008 7.7857
0.0004 8.1136
0.0008 0.2926
0.0006 4.3384
0.0001 9.9508
9999.9990 98.1586
9999.9998 96.1302
0.0005 8.8834
0.0005 9.6883
0.0008 6.0718
0.0002 4.6864
9999.9995 93.2726
0.0011 95.0294
9999.9993 98.8919
0.0009 4.9285
0.0007 3.0901
0.0003 92.1297
9999.9995 4.5832
0.0007 99.2312
9999.9999 4.0357
0.0006 94.0001
9999.9998 1.2147
9999.9995 0.8300
9999.9997 1.5362
9999.9992 91.0618
9999.9998 99.8891
9999.9998 9.9428
0.0007 10.0021
9999.9993 2.0978
0.0009 8.3489
9999.9990 92.9370
0.0004 94.6773
0.0010 92.6367
0.0010 90.4110
9999.9999 7.7558
0.0006 98.1560
9999.9991 3.6789
9999.9996 96.1665
0.0005 94.4793
0.0007 3.7961
9999.9993 90.8629
9999.9991 99.5405
9999.9993 8.5112
9999.9998 7.7881
9999.9992 93.8374
0.0002 6.7842
0.0011 95.9359
9999.9994 96.9597
9999.9993 98.9017
0.0002 94.8944
9999.9990 9.3940
9999.9996 94.7270
9999.9991 7.5192
0.0011 97.8219
9999.9998 95.3512
9999.9990 8.2891
0.0008 4.3449
59 9999.9999 52.7731
9999.9992 3.7831
9999.9993 50.8957
9999.9999 94.8040
9999.9995 33.8445
9999.9995 32.5388
9999.9998 13.8104
9999.9992 77.8322
9999.9994 2.3602
9999.9994 73.1154
9999.9990 83.2678
9999.9994 77.8096
9999.9998 68.7418
9999.9995 19.6972
9999.9993 42.4049
9999.9995 62.2730
9999.9998 29.6262
9999.9995 20.6588
9999.9991 95.0087
9999.9999 74.1931
9999.9992 64.6408
9999.9996 62.4760
9999.9994 39.5568
9999.9998 59.3954
9999.9994 45.4866
9999.9993 58.6682
9999.9991 49.5432
9999.9997 83.1287
9999.9997 59.0861
9999.9997 98.7626
9999.9991 92.9860
9999.9996 21.1363
9999.9998 80.7878
9999.9993 29.1887
9999.9999 28.5642
9999.9999 11.2618
9999.9992 77.1283
9999.9998 73.3913
9999.9999 42.1234
9999.9999 9.1454
9999.9995 63.3495
9999.9991 62.3425
9999.9995 77.8964
9999.9994 27.5758
9999.9998 71.2285
9999.9994 8.9151
9999.9994 83.0551
10000.0000 22.5189
9999.9998 9.1818
9999.9994 57.7420
9999.9995 27.0187
9999.9993 51.8309
9999.9998 50.4928
9999.9999 77.2325
9999.9991 77.2349
9999.9994 44.4477
9999.9998 5.8851
9999.9994 71.0216
9999.9996 89.9038
9999.9993 91.6176
51 9999.9999 0.2675
0.0009 21.1257
9999.9991 87.7906
0.0008 10.0868
7517.0357 51.8234
9999.9996 3.9077
1597.5190 28.3404
0.0008 7.0877
2653.6552 77.8478
0.0007 68.4107
0.0005 31.0744
1758.5716 0.2672
0.0004 88.0714
9999.9995 62.5011
0.0002 79.5824
9999.9996 91.4481
632.8419 3.4621
9999.9991 4.9762
3678.2512 39.6638
9999.9995 86.4619
9999.9999 55.9929
0.0009 15.5538
9999.9995 19.9231
0.0008 26.0979
4192.7336 60.2925
5715.8934 3.3260
9999.9994 13.1453
9999.9993 32.5356
8952.1527 40.8192
0.0002 37.8259
0.0005 29.7959
0.0005 57.4854
9999.9994 84.7926
9024.8824 64.5606
9999.9998 75.2925
5352.1576 57.4169
9999.9996 21.1185
0.0009 94.5712
9999.9991 5.4642
6756.4221 73.1802
9999.9995 70.3325
0.0009 7.2425
0.0003 45.2765
3946.6006 39.5171
2999.1739 87.0171
2596.5111 23.0712
1024.7568 75.5959
9999.9994 39.8372
0.0004 56.6504
4205.4417 63.0166
0.0008 23.1656
9999.9995 73.2647
10 9999.9999 89.4673
9999.9999 32.6960
0.0003 90.0174
0.0008 8.2787
0.0004 54.8348
9999.9991 33.9168
9999.9994 40.2386
9999.9992 63.6967
0.0005 46.3231
0.0004 59.6767
9999.9993 19.0116
2 99.4808 76.9326
99.9999 76.9326
100.0000 76.9326
3 0.0009 71.4325
0.0010 23.3304
0.0003 71.4325
9999.9999 22.1329
2 100.0000 65.1586
99.9999 65.1586
0.0001 65.1587
1 2017.0184 5.5306
7439.9646 5.5306
96 4920.9059 98.3692
777.4689 66.4952
3026.6068 81.5044
795.1585 75.5549
588.6541 27.6768
3362.4389 28.1444
1662.8300 60.7462
7781.5863 38.1414
7067.5247 32.8652
298.6955 80.2097
2133.7311 27.4845
2017.0144 69.2708
8375.0478 7.6926
9165.1526 59.5129
7968.2655 62.0436
3119.2964 4.6457
2914.7515 43.0753
4928.4805 21.2588
245.7986 38.2276
3005.6469 7.9204
8309.1123 87.9459
5482.5968 59.1721
2682.4431 59.5365
4500.5282 95.9509
3963.5020 64.1706
3938.7760 98.3687
9496.0759 65.1262
4958.1586 15.0792
5902.6739 54.3396
4913.3665 78.6171
792.3614 86.1077
2042.4685 11.3022
9384.8065 89.5786
287.1032 61.2099
8741.3452 58.6265
6843.8552 27.9833
2263.8040 34.4680
6397.2272 32.9377
3142.6117 76.1125
1064.7089 55.1497
3940.8309 57.2414
4796.2945 62.6047
3477.1534 58.8989
6161.4108 89.6034
5284.0198 69.9626
9990.0604 12.3947
7391.3661 36.2445
5673.7301 21.9666
346.9241 18.3710
2665.8603 32.6269
9758.6240 96.2403
694.1932 87.4048
6962.2325 78.9408
4908.5760 45.1747
9526.8127 85.1713
7763.5753 22.9060
1471.3089 36.4879
729.8105 72.6101
6886.5435 42.0944
7835.1399 71.2437
1719.4998 83.2896
7367.1987 85.9576
1133.8861 35.1270
6848.6370 75.8182
9230.7124 38.3934
3735.6495 80.5914
9648.3012 29.1237
7381.7934 47.1622
52.2957 90.2262
6238.3262 6.1241
2200.2846 8.7941
7792.6855 40.9502
1734.7648 26.0950
3778.8195 66.1391
4610.4398 18.6239
8195.9368 44.7553
720.0118 25.6288
7325.0613 70.3504
1925.6462 41.3607
9495.2548 74.2419
966.0007 45.5922
2736.7852 74.3625
6003.0439 75.9259
3704.5818 83.1791
8307.8949 97.7094
5768.9567 19.6990
9037.3286 40.9064
7582.7223 71.8333
2958.1795 50.8277
2806.5613 66.1328
571.2792 51.7083
1224.6097 82.0529
1660.1002 33.6318
4880.6131 24.4221
6979.4605 0.9936
2343.7516 74.5948
5208.4218 95.4383
56 9999.9997 9.8211
0.0001 47.5083
9999.9990 16.8519
0.0004 17.4726
10000.0000 56.5780
0.0002 94.3513
9999.9991 48.3304
9999.9990 84.5387
0.0006 1.2049
0.0010 79.3955
9999.9995 49.8716
9999.9994 2.8589
0.0009 86.6101
9999.9991 61.7773
9999.9995 0.2474
9999.9998 11.6598
9999.9993 33.7363
0.0009 73.6626
0.0003 40.9870
9999.9995 0.8791
9999.9993 69.3837
9999.9994 9.8211
0.0008 99.8524
0.0011 60.3407
0.0006 61.9542
0.0006 76.9468
0.0004 9.7617
0.0002 75.9802
0.0003 50.9396
0.0004 98.1232
9999.9994 51.7767
9999.9999 35.3445
0.0007 78.2939
0.0010 46.2188
9999.9992 50.6455
0.0002 65.1088
0.0007 44.9265
0.0009 3.1594
9999.9990 31.6102
9999.9994 41.1611
9999.9994 58.4407
0.0007 71.6376
0.0002 89.6372
10000.0000 60.1234
9999.9991 98.3407
0.0008 0.4414
0.0009 77.7310
9999.9998 71.4600
9999.9996 50.0369
0.0002 50.2890
9999.9996 57.9130
9999.9992 60.4845
9999.9999 23.7064
9999.9994 40.8160
0.0011 43.4134
0.0008 56.8974
9999.9993 32.5661
72 3862.8382 26.1762
3038.4722 1.3248
8640.9673 93.7348
8402.4273 3.1248
3387.3025 5.4054
502.6293 2.3550
1398.5985 99.6085
734.7625 95.3344
9169.3789 92.7513
3733.6607 91.7140
8523.9890 8.6813
3413.2119 96.8216
2255.6917 95.5438
8786.4340 0.8469
5467.2120 3.1272
2841.6083 95.7092
5207.2623 3.5008
7214.2255 0.6494
5346.5419 97.6651
6637.3963 1.3924
1951.3896 97.1280
7356.3536 99.0011
2014.7323 9.8663
8225.4285 97.6421
5669.1628 91.2061
6234.1095 6.0866
8947.1874 8.5929
6563.2344 94.3821
190.1842 3.9393
5727.4453 97.4150
4670.0230 3.3679
7074.7665 97.2343
6278.1891 94.8526
1358.9549 9.1521
7445.9186 96.9366
4035.6942 4.0945
8249.3960 7.0924
177.2028 96.7364
2800.2276 91.7213
7220.1014 90.0798
4367.6074 90.0110
5625.8638 99.3051
8641.0917 95.0646
62.0160 0.8227
3055.9337 0.4537
5560.1252 96.5013
7587.7417 94.2721
6217.5225 4.0114
9225.9508 98.9692
85.2133 91.5617
7526.2373 94.1021
8047.6110 89.9708
275.2289 90.0401
5071.4516 0.7336
8201.7929 5.3079
7048.8682 0.1297
3520.4671 93.0565
768.0697 90.0973
3945.4294 90.2879
7977.5696 3.0882
7057.5393 6.5934
934.9417 96.2427
6834.6863 91.3274
5794.9196 6.1613
1933.4674 92.7495
97.4204 95.0260
1823.6003 7.4019
5279.1482 99.2048
9497.0379 8.0776
9687.0580 8.9469
2981.9655 98.7159
798.9422 0.1493
746.4071 6.9225
2 100.0000 88.3983
0.0001 88.3983
99.9999 88.3984
5 9999.9992 25.1522
9999.9994 59.4178
9999.9990 26.4803
9999.9997 25.1522
0.0002 61.4134
0.0008 88.0350
66 0.0004 99.4940
0.0003 10.3114
9999.9991 4.6270
0.0008 13.0608
9999.9994 19.5484
9999.9999 9.0026
9999.9991 69.1299
9999.9997 12.0905
9999.9994 1.8282
0.0006 84.3761
0.0008 32.2303
0.0003 35.7076
9999.9995 17.7748
9999.9999 82.6591
9999.9999 89.4745
0.0007 79.6285
0.0008 11.8806
0.0005 56.6057
0.0003 8.9306
9999.9996 51.6478
0.0002 60.6563
0.0001 87.0264
9999.9997 14.7842
9999.9998 6.5813
0.0004 69.5949
9999.9993 11.1828
0.0004 0.2324
9999.9998 14.4453
9999.9991 45.7636
0.0002 67.3942
0.0010 21.1262
0.0001 36.2644
0.0011 79.0957
0.0008 21.6064
0.0003 3.6982
0.0009 42.0477
9999.9996 27.8708
0.0005 76.5665
0.0010 32.7905
0.0004 64.5275
0.0002 88.7877
0.0008 4.8901
9999.9996 57.6133
9999.9996 42.3385
9999.9999 16.1275
10000.0000 21.7534
0.0004 62.1256
0.0008 57.7904
9999.9991 88.8270
9999.9996 31.4786
9999.9990 98.8112
0.0004 88.3150
9999.9992 16.0659
9999.9995 49.8971
0.0005 50.0955
0.0002 37.8089
9999.9999 91.9223
0.0004 46.7257
0.0001 37.7273
9999.9994 25.2293
9999.9998 88.3353
9999.9998 18.1053
9999.9991 99.4940
9999.9991 28.5912
0.0010 61.6295
9999.9995 59.9847
9999.9993 2.5596
100 9659.5232 49.6931
9999.9992 96.1897
0.0009 97.4288
9999.9995 6.1136
0.0010 93.1359
9999.9993 2.3784
0.0008 5.7574
0.0009 4.8624
9999.9998 6.7652
9999.9996 93.2683
0.0010 2.1967
9999.9996 8.5899
0.0007 0.6026
9999.9993 99.0012
0.0010 6.8381
0.0002 3.0734
9999.9992 7.1002
9999.9999 94.8714
0.0009 99.4360
9999.9994 9.7481
9999.9999 3.7254
9999.9990 92.5416
9999.9996 1.4587
0.0005 93.4414
9999.9995 96.3785
9999.9993 2.5704
0.0003 5.5756
0.0011 2.8420
9999.9991 99.2879
9999.9998 90.7296
9999.9999 8.5217
0.0010 90.5457
0.0011 96.9602
0.0006 0.8066
9999.9998 4.2199
9999.9993 6.8665
0.0008 90.1236
9999.9993 92.3867
0.0009 4.0813
9999.9997 93.8412
9999.9997 93.0225
0.0010 4.2365
0.0006 98.3169
0.0004 4.5400
0.0006 2.0830
9999.9992 95.8300
9999.9991 89.9465
0.0004 8.1659
0.0009 6.6937
0.0004 8.9785
0.0010 93.1497
0.0004 9.0127
0.0003 95.4840
0.0008 90.8851
0.0010 9.1146
9999.9994 5.5606
9999.9990 95.6462
9999.9994 1.3714
0.0009 91.2651
0.0002 97.7078
9999.9992 2.9758
0.0009 92.8966
0.0011 6.2104
10000.0000 95.0422
0.0003 5.0271
9999.9993 98.2156
0.0007 8.0675
0.0007 2.0485
9999.9992 94.6239
9999.9997 95.5610
0.0006 96.7363
9999.9998 96.5338
9999.9994 99.3034
9999.9996 4.1281
9999.9999 4.0400
9999.9991 92.1779
9999.9991 1.5582
0.0007 5.9559
9999.9994 93.5648
10000.0000 3.2561
0.0009 8.9396
0.0004 1.5748
0.0007 90.5740
0.0004 0.4657
9999.9992 92.2318
9999.9995 5.2211
9999.9999 91.8281
0.0009 92.9842
0.0009 9.8741
9999.9994 3.5495
9999.9991 4.2621
9999.9999 91.5905
0.0009 8.6461
9999.9992 4.0175
9999.9998 7.7953
10000.0000 5.2468
0.0008 2.8255
0.0010 9.2189
0.0002 6.6401
0.0003 7.4790
0.0007 96.7789
87 0.0003 98.4824
0.0009 54.7994
9999.9998 3.7161
9999.9995 27.7400
9999.9992 76.2552
0.0003 97.9815
10000.0000 67.6768
0.0004 8.8266
9999.9993 24.3917
9999.9994 60.0490
9999.9993 49.5188
9999.9995 16.8492
9999.9995 2.1912
0.0010 24.8697
9999.9995 5.4829
9999.9990 62.3953
0.0002 74.2122
0.0007 33.3629
0.0005 94.0659
0.0008 45.3292
9999.9994 3.2177
9999.9990 55.5123
0.0008 17.7292
9999.9991 18.3924
0.0009 44.4604
0.0002 17.0058
0.0005 66.8664
0.0007 49.5832
9999.9992 95.6624
9999.9991 52.8933
9999.9994 60.4700
0.0009 81.7074
0.0006 68.8446
9999.9998 8.6629
0.0005 98.1626
0.0006 97.8345
9999.9996 64.3140
0.0009 78.5218
0.0010 13.7378
9999.9997 62.0401
0.0007 27.6063
0.0004 50.9383
9999.9993 22.1016
0.0002 3.5317
0.0005 21.2750
0.0006 79.7383
9999.9997 69.3709
9999.9995 26.3598
0.0007 99.4574
0.0001 34.5363
0.0007 60.4734
9999.9997 97.1061
0.0003 16.1610
9999.9990 56.1801
9999.9999 42.9031
0.0007 85.1675
0.0009 95.0472
9999.9997 1.1493
9999.9993 25.8453
9999.9993 62.3652
0.0003 77.5548
9999.9996 92.0220
0.0009 74.7389
9999.9998 29.7405
9999.9990 44.7979
0.0007 48.9357
9999.9997 33.4341
0.0011 64.3370
0.0010 20.3033
9999.9993 24.3982
9999.9990 78.3541
9999.9995 67.3857
0.0006 57.1316
9999.9995 19.3813
9999.9999 62.9129
9999.9998 34.4796
0.0007 9.1042
9999.9997 14.7487
0.0006 88.8959
0.0010 62.1992
0.0008 49.9277
9999.9994 34.6678
0.0003 83.6594
0.0007 98.3675
0.0006 32.3102
9999.9996 36.1864
0.0002 82.6173
9999.9996 63.1225
100 7679.1700 86.4860
9609.8199 86.4860
7876.2190 86.4860
1254.9618 86.4860
5148.9845 86.4860
6888.1223 86.4860
6544.4958 86.4860
6476.9661 86.4860
3631.8301 86.4860
2395.0585 86.4860
2450.4226 86.4860
4063.7025 86.4860
6464.7201 86.4860
9301.8427 86.4860
1111.4907 86.4860
5973.6327 86.4860
4236.4355 86.4860
5667.2957 86.4860
2952.9550 86.4860
3179.7883 86.4860
9679.7926 86.4860
7831.8896 86.4860
7986.9550 86.4860
7834.8746 86.4860
735.0099 86.4860
1996.9015 86.4860
4093.7469 86.4860
9869.4891 86.4860
5248.2249 86.4860
769.2987 86.4860
7368.6440 86.4860
4612.9580 86.4860
8895.9315 86.4860
3118.5006 86.4860
4488.3412 86.4860
5141.2182 86.4860
845.1284 86.4860
3972.9425 86.4860
4218.9238 86.4860
1925.5562 86.4860
9943.0597 86.4860
3789.7286 86.4860
4341.9002 86.4860
2261.9748 86.4860
6041.3119 86.4860
3134.0985 86.4860
9925.6244 86.4860
3633.8389 86.4860
585.2825 86.4860
3580.8128 86.4860
2035.5357 86.4860
6038.4106 86.4860
2477.3627 86.4860
3618.9033 86.4860
6622.3483 86.4860
2214.1985 86.4860
7123.4580 86.4860
5791.6698 86.4860
8896.8688 86.4860
2264.9947 86.4860
3524.8254 86.4860
9026.2295 86.4860
9195.3142 86.4860
2429.8924 86.4860
4017.9838 86.4860
6091.7083 86.4860
8476.2782 86.4860
2106.2017 86.4860
1628.2479 86.4860
3053.1110 86.4860
9921.0808 86.4860
9838.4220 86.4860
5081.0192 86.4860
9791.5854 86.4860
714.3657 86.4860
7222.4689 86.4860
4147.4327 86.4860
5484.5801 86.4860
696.1930 86.4860
3792.9509 86.4860
761.1274 86.4860
9487.0184 86.4860
880.3503 86.4860
9938.0368 86.4860
5111.5333 86.4860
7941.9424 86.4860
6283.3277 86.4860
1857.9359 86.4860
2716.7184 86.4860
3185.0773 86.4860
7822.8479 86.4860
5817.1957 86.4860
8553.1943 86.4860
1500.6295 86.4860
180.4182 86.4860
1688.5334 86.4860
2770.5333 86.4860
1809.5725 86.4860
2055.1942 86.4860
2024.7233 86.4860
9979.9415 86.4860
91 0.0011 0.7263
0.0004 27.3853
0.0005 42.2770
0.0006 90.3797
0.0010 48.2102
0.0008 23.0623
0.0011 79.0268
0.0002 41.6993
0.0001 21.4621
0.0010 16.1201
0.0005 96.6652
0.0004 51.9770
0.0005 55.5366
0.0003 84.9931
0.0006 14.5790
0.0006 8.3873
0.0001 99.6222
0.0011 24.6811
0.0002 93.4888
0.0010 4.1150
0.0009 87.6282
0.0002 42.9482
0.0010 89.0084
0.0011 29.4320
0.0010 81.6853
0.0011 85.3339
0.0007 65.2525
0.0001 2.4133
0.0007 70.1651
0.0002 28.8760
0.0008 36.3525
0.0002 79.0254
0.0003 97.5812
0.0001 96.9433
0.0011 77.3461
0.0008 27.5002
0.0005 66.7126
0.0007 56.2105
0.0004 32.1795
0.0004 36.4572
0.0011 34.2423
0.0005 5.6159
0.0005 14.3840
0.0010 59.6571
0.0005 67.1920
0.0009 14.6117
0.0007 0.7263
0.0005 55.1318
0.0008 22.5008
0.0008 97.4735
0.0010 23.0999
0.0008 25.3343
0.0004 67.5197
0.0006 29.0787
0.0008 33.1454
0.0002 38.2625
0.0007 52.6270
0.0003 72.9661
0.0008 50.2114
0.0006 28.0768
0.0006 20.4060
0.0009 88.5414
0.0010 60.7459
0.0003 70.7488
0.0010 88.3214
0.0006 31.8831
0.0005 10.6495
0.0004 20.5282
0.0005 76.6871
0.0005 56.3009
0.0007 15.8036
0.0008 52.4218
0.0002 83.1505
0.0007 86.6240
0.0008 39.4379
0.0009 13.9545
0.0003 73.7015
0.0009 60.7969
0.0006 18.2339
0.0006 50.9972
0.0010 81.0779
0.0005 77.2620
0.0010 54.0801
0.0003 93.0517
0.0002 10.9957
0.0008 83.5147
0.0006 75.4200
0.0002 52.3065
0.0007 3.8780
0.0002 33.2862
0.0010 96.4771
0.0010 24.6762
87 921.6194 0.8613
2271.4190 6.0416
1969.9090 2.9538
9112.0161 8.8664
6517.8774 92.6319
5748.8270 99.7327
8507.8390 1.9533
5081.6194 6.8453
1488.3790 1.7021
1166.6388 3.2104
6848.7306 9.2601
5227.5559 9.9286
9636.2967 96.8858
855.3399 3.2198
5017.4539 4.7639
7681.8196 6.9495
1809.0996 91.8417
917.4805 5.4287
5537.0089 1.1725
3840.1413 5.8977
2343.3252 90.1660
6927.3246 8.0572
8401.8638 9.4139
5263.7953 95.1864
4521.1622 3.7618
3255.4718 9.3791
8141.7218 0.6757
2636.1694 7.7778
5337.2851 5.9405
8455.5431 95.1894
6872.1774 90.6613
3786.0174 93.9823
7858.4245 3.8588
4280.9381 98.5374
8310.5510 95.2924
8951.5755 91.8661
1094.0374 98.2620
5300.5510 96.3119
9813.6652 89.9914
2615.9850 91.0389
2060.5387 97.4708
742.0468 92.5178
1873.4068 95.7979
2224.6878 3.4801
92.4971 93.0229
3902.8342 4.9822
4842.2715 91.4371
6908.0320 7.7085
9774.8465 95.8870
9242.8367 93.2400
3663.3758 90.3968
4843.7155 5.1221
1023.8552 1.3370
5621.7757 8.5190
4106.3643 7.3770
1208.0974 94.7341
9772.3068 6.5121
5702.8829 90.9734
6825.2705 6.0271
360.1590 99.0742
3966.3726 2.8641
3762.5956 5.7806
7761.3035 98.6010
2131.8871 5.0585
8877.1728 0.9457
9672.0044 9.8723
425.3429 3.8206
4639.5137 7.6532
3739.5051 91.3053
6676.6406 98.1029
8303.1965 2.2699
8924.2026 7.6831
7997.8483 99.3544
5238.9270 4.9560
1320.5876 95.0846
3854.8432 94.0945
853.0182 8.4647
4387.9176 7.0914
677.4596 93.2109
9464.9795 9.8047
9479.7113 0.9416
6895.5235 93.9129
4306.6552 92.6738
2688.6460 99.0658
4396.2618 5.4587
5207.3992 94.5886
7015.2856 92.0064
8484.4523 92.9969
80 0.0002 49.6449
9999.9991 6.7880
9999.9996 92.1895
0.0009 57.1689
0.0004 66.1716
9999.9994 77.2733
0.0010 13.1468
9999.9995 61.2048
9999.9996 42.2920
9999.9995 66.8776
0.0002 52.5591
9999.9991 98.9316
0.0008 45.7648
0.0010 2.2139
0.0008 7.1829
9999.9997 56.0167
9999.9998 78.9573
9999.9990 70.6937
0.0003 44.9889
0.0006 32.2255
9999.9992 56.0771
9999.9997 27.9024
0.0004 70.8663
0.0003 85.4698
9999.9999 86.4347
9999.9994 54.5734
9999.9996 94.0778
9999.9993 14.9339
0.0009 71.5007
9999.9994 75.6535
10000.0000 44.7965
0.0010 49.1527
9999.9994 39.7032
0.0005 79.9656
9999.9990 29.4013
0.0011 40.2500
10000.0000 79.7925
0.0008 64.2843
9999.9997 60.9262
0.0008 2.7789
0.0003 49.4221
9999.9994 0.5838
9999.9993 80.2299
0.0004 10.1212
0.0004 94.6061
9999.9990 1.7051
0.0004 5.9154
0.0010 36.4877
9999.9990 31.0497
9999.9991 81.9385
0.0005 60.6314
9999.9993 33.0929
0.0001 97.7951
9999.9999 13.9213
0.0007 65.0932
9999.9998 59.6892
0.0003 11.4197
0.0005 96.8943
0.0010 67.7119
0.0010 95.3325
9999.9994 34.8939
0.0010 24.8159
9999.9992 1.2211
9999.9991 67.0843
0.0007 32.8422
9999.9992 13.9450
9999.9999 17.7396
9999.9999 12.8853
0.0005 49.7248
0.0002 84.1196
9999.9993 81.0114
0.0006 24.9577
9999.9997 95.9338
0.0011 31.2468
0.0009 11.8414
0.0003 88.0254
9999.9991 39.3323
0.0009 72.5560
0.0008 11.4948
0.0001 52.7533
9999.9992 28.3367
59 0.0006 2.6755
9999.9995 96.6847
9999.9995 9.6566
9999.9999 90.1841
9999.9999 37.5555
9999.9993 41.7976
9999.9994 74.8991
9999.9991 78.9748
9999.9991 34.3809
9999.9993 52.0614
9999.9991 39.0284
9999.9996 2.6717
9999.9995 80.1072
9999.9993 35.0616
9999.9994 52.7443
9999.9991 67.2071
9999.9996 53.7486
9999.9991 24.3982
9999.9997 34.0995
9999.9996 60.7734
10000.0000 4.5589
9999.9999 9.2231
9999.9998 39.6799
9999.9992 47.6630
10000.0000 13.4029
9999.9999 43.7623
9999.9997 42.3379
9999.9998 86.6120
9999.9997 63.2773
9999.9995 56.5619
9999.9995 88.6855
9999.9995 42.5268
9999.9991 79.0246
9999.9991 95.0631
9999.9999 28.0336
9999.9995 6.2904
9999.9997 88.5932
9999.9996 66.7974
9999.9997 35.7829
9999.9994 67.6871
9999.9998 90.9175
9999.9994 89.9803
9999.9992 5.0133
9999.9990 95.1369
9999.9991 69.4998
9999.9993 47.4984
9999.9992 40.8243
9999.9993 42.9051
9999.9999 51.9873
9999.9993 74.1497
9999.9991 11.1455
9999.9998 72.2647
9999.9992 64.9697
9999.9991 74.3984
9999.9993 78.3730
9999.9994 98.9614
9999.9990 60.5570
9999.9999 83.9213
9999.9992 22.2575
9999.9997 43.3557
42 0.0002 88.9201
0.0001 43.4711
0.0004 41.7394
0.0004 9.0501
775.7859 23.7489
1839.2107 97.1397
0.0002 68.1216
0.0009 15.1730
0.0006 6.8257
0.0009 60.3920
9999.9994 80.9568
5693.2717 78.3925
5538.0236 46.2727
9999.9993 82.2058
0.0007 70.2509
9999.9994 50.0050
9802.4004 73.9809
9999.9996 8.0247
9999.9995 96.0860
0.0006 90.7397
0.0006 71.7573
9999.9995 1.5873
0.0006 91.5469
8138.0807 93.5830
9999.9997 46.5663
9999.9994 73.1935
7410.4698 33.4859
6954.2284 43.9118
9999.9994 41.6080
6258.9320 75.6657
0.0008 86.2768
9999.9995 88.9201
7313.4772 55.3697
5604.0524 8.3854
0.0004 79.0408
1962.7303 88.8636
10000.0000 56.5623
9999.9991 25.5903
1955.7967 22.8679
4103.2743 15.0893
9999.9997 1.0713
0.0004 5.4140
9999.9999 18.6928
7 0.0010 17.2206
0.0010 17.2029
0.0004 55.1343
0.0001 27.9380
0.0006 69.7727
0.0008 17.5290
0.0006 68.2985
0.0001 58.2442
65 9999.9999 4.8357
0.0005 11.9035
0.0003 52.3330
0.0008 40.2338
0.0003 13.9966
0.0005 59.3864
0.0002 8.9403
0.0006 99.8214
0.0002 76.7371
0.0007 8.2682
0.0005 64.2829
0.0007 45.9141
0.0002 66.5536
0.0001 87.5130
0.0006 31.4915
0.0007 59.7015
0.0005 12.2188
0.0006 86.7104
0.0003 40.2195
0.0005 65.5540
0.0004 43.3097
0.0006 51.4333
0.0008 41.2306
0.0007 93.3942
0.0002 97.9993
0.0007 49.2271
0.0008 74.3281
0.0003 78.4243
0.0008 8.2527
0.0009 62.1950
0.0005 40.1031
0.0010 88.9210
0.0006 95.7634
0.0004 38.7092
0.0008 27.7852
0.0011 59.1195
0.0007 95.0359
0.0003 80.1760
0.0005 69.8759
0.0003 24.9802
0.0003 19.2127
0.0005 55.1185
0.0003 54.2126
0.0001 62.9784
0.0001 49.5796
0.0006 40.0793
0.0010 57.3060
0.0005 32.6423
0.0003 94.7137
0.0004 4.8302
0.0009 99.7456
0.0010 26.8190
0.0009 25.2539
0.0011 20.8722
0.0005 81.4951
0.0003 98.8791
0.0005 79.4382
0.0005 64.1734
0.0007 7.6078
0.0001 6.8292
0.0008 87.8713
0.0003 54.0920
0.0007 56.1159
0.0003 14.1007
0.0007 46.8160
0.0004 92.2999
6 6168.9958 99.9000
8689.7129 47.3139
4927.4527 18.9445
6185.0587 30.5740
8565.0891 23.6682
6244.2958 95.6749
2237.7005 50.9331
85 9999.9992 30.3605
9999.9995 11.3481
10000.0000 69.4001
9999.9997 38.0119
10000.0000 58.6488
9999.9992 57.9401
9999.9996 34.5280
9999.9996 21.1324
10000.0000 59.1004
10000.0000 58.3737
9999.9991 21.2265
9999.9998 41.9572
9999.9996 27.1305
9999.9991 10.9207
9999.9999 0.2391
9999.9996 85.3869
9999.9999 32.2196
9999.9993 22.5578
9999.9998 80.7487
10000.0000 98.8728
9999.9995 19.5636
9999.9995 88.7567
9999.9998 80.3403
9999.9992 41.5574
10000.0000 53.9870
9999.9991 57.9038
9999.9996 9.2401
9999.9995 19.1068
9999.9993 58.5031
9999.9999 9.2522
9999.9998 69.0674
9999.9992 82.2609
9999.9992 48.4448
10000.0000 62.0471
9999.9994 1.8604
9999.9994 81.0318
9999.9994 62.0421
10000.0000 97.1309
9999.9994 68.8223
9999.9990 52.8262
9999.9996 29.7810
9999.9993 17.2160
9999.9992 88.0359
9999.9996 44.8417
9999.9994 89.5908
9999.9992 50.8091
9999.9997 96.7152
9999.9994 2.3348
9999.9997 48.1181
9999.9997 48.3157
9999.9994 8.9574
9999.9997 90.1450
10000.0000 21.2123
10000.0000 7.7204
9999.9991 86.3565
9999.9995 24.9386
9999.9997 74.1268
9999.9993 41.1963
9999.9996 58.8682
9999.9993 35.4221
9999.9991 27.3792
9999.9999 61.2941
9999.9997 4.8009
9999.9991 69.0777
9999.9991 37.4522
9999.9994 96.8897
10000.0000 11.6536
9999.9999 52.1488
9999.9991 30.3605
9999.9992 94.5969
9999.9990 14.8346
9999.9999 32.4532
9999.9991 33.2281
9999.9998 67.4162
9999.9997 67.3344
9999.9992 42.3619
9999.9999 9.0118
9999.9992 71.8753
9999.9995 38.0408
9999.9996 14.0437
9999.9992 57.4213
9999.9990 68.4593
9999.9996 84.5760
9999.9991 35.8167
9999.9995 46.5306
9999.9991 11.8502
2 99.9998 44.9488
0.0006 1.6677
99.9997 44.9488
57 0.0007 0.1375
9999.9993 83.5126
9999.9991 93.3019
0.0007 24.9534
9999.9993 11.6370
0.0006 50.9647
9999.9999 25.0433
0.0007 84.2811
0.0005 51.6665
9999.9992 69.3197
9999.9996 92.0730
9999.9998 91.0352
9999.9991 21.2155
9999.9993 31.8672
10000.0000 65.7373
0.0010 84.8054
0.0009 32.9341
10000.0000 31.7431
0.0004 39.2444
0.0010 9.0186
9999.9995 45.8861
0.0007 33.7643
0.0002 95.8849
9999.9994 4.3185
9999.9993 68.4814
0.0001 54.1375
0.0008 28.4287
9999.9999 65.9668
0.0007 17.1640
9999.9991 22.9563
0.0010 94.7015
0.0005 23.6839
9999.9999 42.0534
0.0008 49.9001
0.0008 26.9826
9999.9991 87.0670
9999.9995 88.6539
0.0006 23.0828
9999.9992 91.5023
0.0002 30.7380
9999.9999 53.0235
9999.9994 10.0772
9999.9995 71.8391
9999.9996 93.2983
0.0006 0.1374
0.0011 15.6628
0.0005 44.0355
0.0008 91.8833
0.0002 30.8157
0.0003 41.1289
9999.9991 14.3126
0.0010 9.5847
0.0004 82.6241
0.0011 65.5854
9999.9998 31.4441
0.0005 45.4481
9999.9998 70.4163
9999.9993 45.1633
24 6601.2401 0.1000
8955.7277 50.3544
3780.2169 20.8610
9577.6301 15.0300
621.3939 63.4176
874.5879 97.1195
409.0270 23.6747
1285.8199 47.2385
4834.9813 14.4725
9254.9811 4.3383
8504.1492 13.5563
5221.1408 88.8210
4723.8696 27.2306
3731.5841 84.1019
7958.7759 5.6152
9673.1976 15.3888
6589.9487 91.5713
7181.3826 33.8483
7564.1479 95.5306
2053.9330 91.5608
718.1378 53.5559
4058.2800 87.9240
6886.5477 8.2469
365.0276 17.9387
4882.9924 52.9075
71 8417.9374 1.5737
9494.2980 18.0731
6865.8933 73.8232
7083.3930 3.4683
8272.2427 10.9829
3670.9642 81.8616
6309.4918 34.4685
1325.4523 9.2753
7869.9350 76.6644
4365.1333 32.4673
3689.0740 93.0962
8217.1089 88.7344
5547.4235 43.3116
226.5307 3.1257
6114.1150 8.9496
9486.3703 3.0315
9387.3830 89.3051
8532.0662 35.0598
9734.6646 4.3338
8293.7707 45.2511
9853.1683 28.9315
2088.2870 37.7253
3243.4289 88.3841
3352.3171 33.2040
3788.0984 2.3703
7745.2048 29.7615
2384.0526 41.1376
7970.7171 37.1818
485.0854 55.0710
3385.5732 50.1615
9297.0660 97.1340
7977.7715 42.5141
6255.3135 38.6688
4739.9145 63.1917
7253.1528 44.8371
3570.8051 69.5600
4449.3941 3.9604
6279.2770 86.5367
8207.4971 46.0328
6379.9550 22.5364
4656.8094 61.5267
7254.8350 83.0459
8225.4407 24.9507
9306.2407 50.0049
1818.9411 51.8492
7297.0131 32.8690
4527.9493 58.1120
8429.4042 18.6498
7216.3197 37.5223
7195.2585 4.1694
5995.5503 75.9326
4713.0134 84.9280
9385.5846 30.9934
1601.6262 69.5866
1325.5348 50.2385
2086.2518 58.7405
7141.7596 74.6251
2110.5032 30.3230
7729.4116 69.6388
7457.3085 38.2267
6578.0530 47.6693
6099.4568 57.8875
1770.5166 1.5747
9151.9261 74.2267
1574.0888 85.7547
5649.2864 45.2629
7659.2655 59.0427
3658.1796 84.7592
485.4490 91.8316
3511.6101 10.1259
2780.8704 34.9182
2252.7444 94.9394
45 9999.9990 12.3394
0.0007 43.1404
0.0001 84.3670
0.0009 74.9174
0.0002 45.4271
0.0009 82.8174
0.0008 54.0361
0.0009 74.5746
0.0009 5.0788
0.0004 24.0548
0.0004 12.3394
0.0005 95.4598
0.0009 61.4587
0.0006 25.8032
0.0003 90.8799
0.0005 50.4514
0.0009 70.8407
0.0008 49.8428
0.0009 50.3526
0.0007 99.2229
0.0003 43.7978
0.0003 16.6383
0.0009 59.6384
0.0003 23.3620
0.0010 16.3741
0.0004 16.9699
0.0007 66.7183
0.0003 18.4812
0.0007 56.9481
0.0006 35.2781
0.0003 65.0271
0.0011 12.4426
0.0001 18.5395
0.0009 69.7001
0.0003 44.4057
0.0011 39.3521
0.0001 70.8688
0.0007 11.3062
0.0002 3.1587
0.0006 36.2626
0.0005 20.6256
0.0006 63.9385
0.0010 68.8069
0.0001 55.1892
0.0002 96.6193
0.0009 46.3528
7 0.0003 94.1379
0.0001 82.0745
0.0006 7.3146
0.0001 88.0695
0.0004 14.5631
0.0011 21.6063
0.0005 95.0098
0.0008 68.5487
95 4648.0527 0.1780
0.0008 8.2886
9999.9991 95.9602
0.0011 1.2821
9999.9995 0.1780
9999.9991 3.4267
0.0005 92.9042
9999.9999 10.0333
9999.9993 6.4619
9999.9997 93.5248
9999.9994 96.9159
9999.9992 92.4147
0.0001 90.3635
9999.9998 8.5826
0.0011 99.0616
9999.9994 8.7862
9999.9998 2.9748
9999.9990 4.8326
0.0002 98.1639
9999.9994 9.7522
0.0005 5.9561
9999.9992 99.1768
0.0003 97.5086
9999.9995 99.2367
0.0007 96.6941
9999.9995 92.9871
0.0002 90.9973
9999.9998 5.7886
0.0003 99.3934
0.0001 1.8425
0.0007 97.5404
0.0001 91.6980
0.0001 9.0009
0.0005 2.1829
0.0010 5.3011
0.0010 98.9108
0.0005 1.3140
0.0005 91.3103
0.0003 92.3525
0.0004 8.2976
0.0010 0.3560
9999.9995 97.1409
0.0007 96.9598
0.0004 98.6842
9999.9996 4.4615
9999.9991 90.9143
9999.9991 4.5531
9999.9999 6.9862
0.0001 94.3948
0.0004 97.2612
0.0009 93.9441
0.0003 4.0651
10000.0000 4.8737
9999.9995 9.2327
9999.9994 4.3970
0.0008 99.3305
9999.9996 93.1341
9999.9999 5.7635
9999.9990 95.7441
0.0007 10.0016
0.0002 99.1820
0.0009 0.4725
9999.9995 3.7594
9999.9996 4.6284
9999.9994 96.2024
0.0007 2.6310
10000.0000 94.4859
9999.9995 95.9732
0.0003 1.3521
0.0009 94.2936
0.0007 0.4784
9999.9991 5.1138
9999.9999 9.8641
9999.9998 2.3761
0.0005 2.4907
9999.9994 97.5146
0.0010 89.9387
9999.9996 6.2543
9999.9995 9.3061
9999.9993 10.0564
0.0007 4.9178
0.0005 2.4793
9999.9998 92.0673
0.0002 92.4741
9999.9996 95.2336
9999.9991 2.8449
0.0003 6.3510
0.0007 8.3882
9999.9992 94.1940
0.0006 2.1064
9999.9991 98.4673
9999.9994 5.5787
0.0004 6.3594
0.0001 99.5170
9999.9991 8.2321
9999.9993 90.4279
2 100.0000 88.3984
0.0001 88.3983
99.9999 88.3984
2 0.0001 77.2831
0.0001 97.3911
0.0001 57.1751
70 0.0007 98.3037
0.0010 95.9924
9999.9996 39.7263
8522.7633 38.0664
0.0006 9.4180
565.4379 50.3374
0.0007 60.4475
9999.9998 81.2644
0.0007 23.1561
1688.1560 36.0171
9999.9994 50.9744
3015.3348 9.3161
2620.6161 46.7743
0.0003 19.0793
0.0008 24.2911
9999.9993 93.0488
6328.0362 44.2473
2933.8552 1.0805
9999.9997 79.5441
9999.9997 0.4984
0.0002 67.6780
0.0006 23.4885
2639.4684 75.7873
5157.8243 37.3511
0.0008 4.5345
2594.8185 98.4473
10000.0000 89.2731
9999.9993 85.0630
0.0006 40.2561
6115.4468 44.1185
9999.9996 96.7419
9999.9998 39.1148
0.0006 88.4926
9999.9994 92.7011
1876.7647 97.3015
0.0003 29.0269
6573.1402 63.9876
515.3726 94.1986
3075.8264 49.0019
9999.9993 68.2871
0.0010 1.9832
9999.9995 72.5663
9999.9999 97.4184
0.0007 16.4327
5227.7994 10.6005
9999.9994 15.8305
2941.3140 5.7209
9412.6955 49.2535
0.0003 41.9198
0.0006 86.7330
0.0002 21.9000
9999.9998 65.8364
9999.9998 96.5872
0.0003 46.7296
9999.9997 36.9771
7871.0086 25.2034
9999.9998 27.8096
0.0010 0.7033
9999.9995 61.3888
10000.0000 32.8957
0.0008 33.2296
2843.3180 19.5565
7708.6511 65.2010
9999.9992 62.6031
7118.6234 79.3367
0.0010 75.1106
0.0002 69.9062
1397.4428 19.2274
9999.9997 60.6095
9999.9991 65.1929
0.0007 96.8621
12 0.0006 98.9148
3919.8332 46.4837
9999.9992 69.5276
4266.5479 45.8519
0.0011 98.9148
9999.9991 21.9685
0.0008 30.6660
646.2225 17.8669
9999.9993 87.1539
9999.9996 20.0224
0.0010 42.2964
0.0011 35.5650
2754.5904 32.8753
36 9852.1089 98.4384
9999.9994 90.0349
9999.9993 2.5361
9999.9992 3.2404
0.0007 96.1920
9999.9990 9.5414
9999.9999 2.0564
9999.9993 95.3685
9999.9990 91.1392
9999.9997 96.0532
0.0003 93.7093
0.0009 1.3739
9999.9993 4.5162
9999.9996 9.2973
0.0008 5.9953
0.0004 98.1916
9999.9993 98.4384
0.0004 92.8288
9999.9994 91.4736
9999.9997 9.8200
9999.9997 4.3562
0.0007 90.0836
0.0005 1.2563
9999.9998 94.2301
0.0010 96.3265
9999.9992 96.6557
0.0005 95.3837
0.0001 2.4910
0.0010 97.3762
0.0008 7.9799
0.0006 93.9532
0.0010 93.8615
9999.9994 93.4518
0.0003 0.6462
0.0007 9.8153
0.0005 1.2054
9999.9990 3.5517
97 9999.9991 98.2153
0.0006 92.7888
0.0005 41.9891
0.0005 82.4006
0.0002 76.0502
0.0011 20.3151
0.0003 98.8200
0.0008 47.8817
0.0005 17.3553
0.0003 30.9467
0.0009 50.9427
0.0004 73.8889
0.0007 91.7740
0.0006 78.1036
0.0006 19.1882
0.0008 10.9277
0.0010 45.3676
0.0010 35.6461
0.0003 30.5496
0.0007 57.2751
0.0004 29.9022
0.0003 47.3410
0.0010 7.0114
0.0004 71.8788
0.0011 48.7314
0.0010 12.4061
0.0002 94.7761
0.0011 25.7634
0.0009 93.2764
0.0001 14.2252
0.0010 94.9920
0.0007 9.6109
0.0005 91.3350
0.0004 92.4964
0.0009 61.0990
0.0003 73.6061
0.0003 54.9034
0.0009 68.0441
0.0011 82.8561
0.0005 90.1292
0.0001 22.7440
0.0004 3.8124
0.0002 54.8999
0.0008 28.8425
0.0006 14.5962
0.0006 31.2902
0.0011 24.2485
0.0007 7.3132
0.0003 77.2107
0.0007 44.1685
0.0006 45.2062
0.0009 0.2323
0.0008 65.1210
0.0002 53.3016
0.0008 44.3524
0.0009 75.0493
0.0008 78.9896
0.0010 16.3578
0.0008 43.3782
0.0002 35.4606
0.0007 63.1956
0.0007 44.7929
0.0004 40.1082
0.0002 52.8974
0.0006 16.1811
0.0011 16.5845
0.0009 63.5296
0.0008 19.5435
0.0010 6.5286
0.0002 43.1147
0.0009 59.6866
0.0002 22.2002
0.0009 42.3654
0.0006 17.5416
0.0007 22.5608
0.0002 74.5047
0.0001 42.0261
0.0005 90.7909
0.0002 92.7520
0.0007 85.6242
0.0004 28.7396
0.0009 55.0193
0.0004 22.9787
0.0001 35.7941
0.0011 10.2250
0.0009 92.7481
0.0011 80.8803
0.0006 44.0813
0.0005 19.2706
0.0008 51.9046
0.0009 97.6186
0.0009 38.5639
0.0005 18.0157
0.0009 75.5907
0.0002 22.7397
0.0011 61.0532
0.0009 8.9758
0.0004 29.0310
87 0.0003 98.4824
0.0009 54.7994
9999.9998 3.7161
9999.9995 27.7400
9999.9992 76.2552
0.0003 97.9815
10000.0000 67.6768
0.0004 8.8266
9999.9993 24.3917
9999.9994 60.0490
9999.9993 49.5188
9999.9995 16.8492
9999.9995 2.1912
0.0010 24.8697
9999.9995 5.4829
9999.9990 62.3953
0.0002 74.2122
0.0007 33.3629
0.0005 94.0659
0.0008 45.3292
9999.9994 3.2177
9999.9990 55.5123
0.0008 17.7292
9999.9991 18.3924
0.0009 44.4604
0.0002 17.0058
0.0005 66.8664
0.0007 49.5832
9999.9992 95.6624
9999.9991 52.8933
9999.9994 60.4700
0.0009 81.7074
0.0006 68.8446
9999.9998 8.6629
0.0005 98.1626
0.0006 97.8345
9999.9996 64.3140
0.0009 78.5218
0.0010 13.7378
9999.9997 62.0401
0.0007 27.6063
0.0004 50.9383
9999.9993 22.1016
0.0002 3.5317
0.0005 21.2750
0.0006 79.7383
9999.9997 69.3709
9999.9995 26.3598
0.0007 99.4574
0.0001 34.5363
0.0007 60.4734
9999.9997 97.1061
0.0003 16.1610
9999.9990 56.1801
9999.9999 42.9031
0.0007 85.1675
0.0009 95.0472
9999.9997 1.1493
9999.9993 25.8453
9999.9993 62.3652
0.0003 77.5548
9999.9996 92.0220
0.0009 74.7389
9999.9998 29.7405
9999.9990 44.7979
0.0007 48.9357
9999.9997 33.4341
0.0011 64.3370
0.0010 20.3033
9999.9993 24.3982
9999.9990 78.3541
9999.9995 67.3857
0.0006 57.1316
9999.9995 19.3813
9999.9999 62.9129
9999.9998 34.4796
0.0007 9.1042
9999.9997 14.7487
0.0006 88.8959
0.0010 62.1992
0.0008 49.9277
9999.9994 34.6678
0.0003 83.6594
0.0007 98.3675
0.0006 32.3102
9999.9996 36.1864
0.0002 82.6173
9999.9996 63.1225
40 0.0007 98.4323
9999.9996 26.6748
9999.9991 60.2757
9999.9998 1.9256
9999.9995 69.8653
9999.9994 11.0012
9999.9998 98.2393
9999.9992 97.9738
9999.9997 59.2206
10000.0000 43.1876
9999.9994 68.5591
9999.9995 54.4310
9999.9990 74.5234
9999.9994 53.2193
10000.0000 48.2852
9999.9998 76.0046
9999.9997 70.9947
9999.9995 78.1242
9999.9996 92.7698
9999.9992 45.5690
9999.9994 91.0183
9999.9995 72.2052
9999.9995 17.7025
9999.9994 6.6497
9999.9994 45.6090
9999.9994 45.5544
9999.9992 14.2970
9999.9995 28.3470
9999.9994 49.3177
9999.9995 12.3065
9999.9998 54.2302
9999.9996 97.6574
9999.9997 73.3151
9999.9997 2.9344
9999.9992 10.0921
9999.9990 44.3806
9999.9993 41.9596
9999.9999 16.8364
9999.9994 57.4171
9999.9991 63.9637
9999.9997 99.2845
2 5.0000 99.9000
30.0000 99.8999
20.0000 99.7000
63 0.0002 4.0674
5178.7506 74.4709
0.0009 32.4879
10000.0000 13.5897
0.0009 73.8387
9999.9993 22.0775
0.0005 12.5013
0.0010 87.6713
0.0003 56.5977
0.0003 8.2722
0.0011 28.8917
8932.2898 61.8414
4895.7248 64.2678
9999.9995 26.5992
0.0007 4.0674
6585.5021 4.7843
9692.0831 33.7956
0.0004 11.1107
9999.9996 15.2971
9999.9991 14.5181
0.0002 63.1694
9999.9992 89.8263
5426.0250 24.7943
9999.9996 38.7760
9999.9997 79.6001
9999.9990 21.0576
9999.9998 68.1947
0.0009 93.8456
0.0002 8.5498
0.0008 86.6313
3711.2165 50.6949
2748.3265 46.0484
0.0004 48.0095
9999.9995 45.9138
9999.9999 43.4684
0.0003 90.9841
3590.3409 12.0761
9999.9995 98.0491
2241.1051 23.2364
0.0003 36.9020
7104.5848 90.1172
9999.9995 29.1539
4623.5868 27.4815
6277.2414 73.3209
9999.9996 32.0429
0.0003 23.4483
9999.9997 7.5329
9999.9994 81.8561
9999.9999 63.8317
324.9592 26.8742
9999.9991 21.4124
0.0005 26.0582
8015.4850 64.4199
1296.8492 93.2669
9543.1202 45.5781
9923.0164 75.3061
0.0001 58.6200
4553.0557 51.4400
4645.9439 44.9744
8532.6154 22.6278
0.0011 76.2214
0.0008 25.4285
9999.9992 45.4227
9999.9994 74.0123
45 9999.9995 99.2963
10000.0000 6.4550
9999.9997 45.8211
9999.9997 77.3735
9999.9993 73.2450
9999.9999 21.9237
9999.9997 51.3487
10000.0000 59.6162
9999.9997 60.8145
9999.9997 95.3838
9999.9992 16.3587
9999.9997 36.6427
9999.9990 12.2507
9999.9999 94.9262
9999.9992 1.3250
9999.9997 60.7509
9999.9991 6.8951
9999.9990 99.2963
9999.9991 35.5738
9999.9996 26.4171
9999.9997 93.7408
9999.9992 27.2516
9999.9995 2.7718
9999.9994 32.2139
9999.9997 60.9174
9999.9992 39.0456
9999.9993 14.9128
9999.9992 57.2881
9999.9996 51.3979
9999.9995 43.2954
9999.9998 80.7382
9999.9999 8.5141
9999.9991 25.6744
9999.9995 81.1044
9999.9996 77.5984
10000.0000 19.1319
10000.0000 62.9294
9999.9993 73.6381
9999.9997 77.1027
9999.9993 13.6431
9999.9994 40.4449
9999.9993 32.6586
9999.9991 51.2677
9999.9999 33.4848
9999.9993 92.0435
9999.9997 76.8783
42 0.0002 88.9201
0.0001 43.4711
0.0004 41.7394
0.0004 9.0501
775.7859 23.7489
1839.2107 97.1397
0.0002 68.1216
0.0009 15.1730
0.0006 6.8257
0.0009 60.3920
9999.9994 80.9568
5693.2717 78.3925
5538.0236 46.2727
9999.9993 82.2058
0.0007 70.2509
9999.9994 50.0050
9802.4004 73.9809
9999.9996 8.0247
9999.9995 96.0860
0.0006 90.7397
0.0006 71.7573
9999.9995 1.5873
0.0006 91.5469
8138.0807 93.5830
9999.9997 46.5663
9999.9994 73.1935
7410.4698 33.4859
6954.2284 43.9118
9999.9994 41.6080
6258.9320 75.6657
0.0008 86.2768
9999.9995 88.9201
7313.4772 55.3697
5604.0524 8.3854
0.0004 79.0408
1962.7303 88.8636
10000.0000 56.5623
9999.9991 25.5903
1955.7967 22.8679
4103.2743 15.0893
9999.9997 1.0713
0.0004 5.4140
9999.9999 18.6928
100 5766.6705 72.0930
9999.9926 72.0930
9999.9957 72.0930
9999.9976 72.0930
9999.9923 72.0930
9999.9933 72.0930
9999.9916 72.0930
9999.9907 72.0930
9999.9931 72.0930
9999.9946 72.0930
9999.9924 72.0930
9999.9985 72.0930
9999.9934 72.0930
9999.9913 72.0930
9999.9970 72.0930
9999.9997 72.0930
9999.9901 72.0930
9999.9928 72.0930
9999.9998 72.0930
9999.9980 72.0930
9999.9930 72.0930
9999.9943 72.0930
9999.9999 72.0930
9999.9902 72.0930
9999.9938 72.0930
9999.9948 72.0930
9999.9942 72.0930
9999.9996 72.0930
9999.9971 72.0930
9999.9974 72.0930
9999.9919 72.0930
9999.9914 72.0930
9999.9911 72.0930
9999.9977 72.0930
9999.9912 72.0930
9999.9962 72.0930
9999.9929 72.0930
9999.9951 72.0930
9999.9908 72.0930
9999.9969 72.0930
9999.9922 72.0930
9999.9906 72.0930
9999.9960 72.0930
9999.9989 72.0930
9999.9918 72.0930
9999.9991 72.0930
9999.9932 72.0930
9999.9935 72.0930
9999.9945 72.0930
9999.9972 72.0930
9999.9963 72.0930
9999.9953 72.0930
9999.9944 72.0930
9999.9925 72.0930
9999.9992 72.0930
9999.9966 72.0930
9999.9975 72.0930
9999.9937 72.0930
9999.9967 72.0930
9999.9940 72.0930
9999.9979 72.0930
9999.9954 72.0930
9999.9959 72.0930
9999.9993 72.0930
9999.9988 72.0930
9999.9995 72.0930
9999.9986 72.0930
9999.9987 72.0930
9999.9947 72.0930
9999.9905 72.0930
9999.9921 72.0930
9999.9903 72.0930
9999.9968 72.0930
9999.9983 72.0930
9999.9964 72.0930
9999.9982 72.0930
9999.9955 72.0930
9999.9949 72.0930
9999.9941 72.0930
9999.9958 72.0930
9999.9965 72.0930
9999.9904 72.0930
9999.9920 72.0930
9999.9939 72.0930
9999.9994 72.0930
9999.9984 72.0930
9999.9956 72.0930
9999.9981 72.0930
9999.9952 72.0930
9999.9927 72.0930
9999.9909 72.0930
9999.9936 72.0930
9999.9961 72.0930
9999.9915 72.0930
9999.9990 72.0930
9999.9917 72.0930
9999.9950 72.0930
9999.9973 72.0930
10000.0000 72.0930
9999.9910 72.0930
9999.9978 72.0930
100 9633.1891 49.7310
5283.3288 99.5924
7995.5298 91.2848
251.0103 4.1629
594.0151 90.9023
4037.4981 8.2987
8199.8052 8.3812
7930.0047 0.1448
73.9915 6.8105
9048.6884 0.7253
3922.6511 99.5372
9935.5402 93.6912
71.9028 6.5322
2393.3808 4.6201
9595.0538 96.0776
6454.9323 1.7743
5526.2825 89.9444
5660.3128 97.3732
1756.1634 5.6430
4581.7674 8.3498
8444.0114 91.6794
7663.3086 95.2371
4895.8001 92.2449
5460.5729 7.8883
9894.2550 1.3313
8665.9919 97.6198
1653.0514 93.5225
2473.5303 8.4017
9623.1459 5.5004
5914.8846 93.9980
3781.7050 91.9143
3384.6657 6.2010
3272.0694 94.1026
5788.8673 99.2126
4146.7531 8.3076
9509.6115 9.1924
731.7366 91.1582
7110.2137 2.2522
5153.5849 93.7731
5934.0595 91.9527
3231.1255 6.7126
9750.9451 4.9362
3006.0163 90.7149
297.6647 5.6167
5903.7509 90.7381
2171.5417 91.9273
7820.1214 9.3648
8029.8587 8.3965
9339.2914 8.7785
2860.5203 5.2735
6942.3529 90.8246
9854.7728 6.0997
1125.2292 94.3299
6848.3599 90.3889
8330.1115 3.2682
5669.0489 5.2795
5041.7848 9.7639
8553.5727 96.1183
8921.2188 6.4111
2903.1241 97.7242
8905.8023 96.2751
7910.3754 9.0881
8552.6266 96.6454
9989.6884 5.0509
2045.8394 8.4281
8039.8488 95.6727
9645.0181 98.1436
5916.8590 5.6390
4543.2232 97.2828
7692.0724 98.9864
5191.8190 90.8752
8102.3886 94.8445
2812.4134 93.8885
8187.4970 96.6590
7580.0958 6.4666
2860.7098 94.2247
8332.3985 95.1024
3810.8409 98.1675
8863.8846 5.2981
8308.7642 5.4055
3641.4804 97.4641
2277.1939 4.7315
8496.1811 99.2021
6364.4183 9.3114
6475.4103 95.7390
3024.4880 95.4610
7302.5510 3.3343
8800.4726 3.4087
1942.9464 1.4328
9083.8462 2.8422
1268.3251 1.5060
7887.9278 3.3757
7280.2377 98.9198
3416.6481 90.5222
1361.3001 95.8175
4035.9826 9.3390
7600.3510 99.0331
899.2858 7.4284
8365.7161 2.3159
3142.2312 91.2116
2260.1079 7.4488
100 3657.8955 38.2288
0.0026 38.2288
0.0085 38.2288
0.0065 38.2288
0.0034 38.2288
0.0048 38.2288
0.0025 38.2288
0.0050 38.2288
0.0082 38.2288
0.0008 38.2288
0.0052 38.2288
0.0086 38.2288
0.0077 38.2288
0.0018 38.2288
0.0064 38.2288
0.0022 38.2288
0.0096 38.2288
0.0090 38.2288
0.0029 38.2288
0.0031 38.2288
0.0059 38.2288
0.0043 38.2288
0.0016 38.2288
0.0094 38.2288
0.0088 38.2288
0.0032 38.2288
0.0075 38.2288
0.0069 38.2288
0.0010 38.2288
0.0020 38.2288
0.0098 38.2288
0.0081 38.2288
0.0011 38.2288
0.0015 38.2288
0.0072 38.2288
0.0056 38.2288
0.0002 38.2288
0.0070 38.2288
0.0067 38.2288
0.0040 38.2288
0.0097 38.2288
0.0053 38.2288
0.0021 38.2288
0.0062 38.2288
0.0093 38.2288
0.0003 38.2288
0.0095 38.2288
0.0092 38.2288
0.0060 38.2288
0.0046 38.2288
0.0083 38.2288
0.0013 38.2288
0.0049 38.2288
0.0009 38.2288
0.0073 38.2288
0.0054 38.2288
0.0068 38.2288
0.0001 38.2288
0.0087 38.2288
0.0024 38.2288
0.0005 38.2288
0.0055 38.2288
0.0023 38.2288
0.0007 38.2288
0.0089 38.2288
0.0100 38.2288
0.0004 38.2288
0.0058 38.2288
0.0071 38.2288
0.0063 38.2288
0.0042 38.2288
0.0041 38.2288
0.0045 38.2288
0.0033 38.2288
0.0091 38.2288
0.0074 38.2288
0.0037 38.2288
0.0044 38.2288
0.0035 38.2288
0.0012 38.2288
0.0017 38.2288
0.0036 38.2288
0.0051 38.2288
0.0014 38.2288
0.0028 38.2288
0.0027 38.2288
0.0080 38.2288
0.0061 38.2288
0.0039 38.2288
0.0030 38.2288
0.0084 38.2288
0.0019 38.2288
0.0038 38.2288
0.0078 38.2288
0.0079 38.2288
0.0006 38.2288
0.0066 38.2288
0.0047 38.2288
0.0076 38.2288
0.0099 38.2288
0.0057 38.2288
98 0.0005 54.8629
9999.9993 62.5513
9999.9997 83.8631
9999.9991 34.5425
9999.9991 93.5469
9999.9998 64.3305
10000.0000 84.2024
9999.9997 68.1229
9999.9995 82.0958
9999.9996 66.5921
9999.9996 68.6863
9999.9997 46.9952
9999.9991 3.2788
9999.9995 36.6208
9999.9994 72.5338
9999.9993 21.5512
9999.9998 43.8753
9999.9998 66.5409
9999.9995 56.8304
9999.9993 52.8823
9999.9991 22.3413
9999.9991 20.5117
9999.9996 27.5303
9999.9992 48.8153
9999.9990 61.1568
9999.9998 21.3274
9999.9990 44.0358
9999.9999 97.5293
9999.9993 11.3345
9999.9991 77.4956
9999.9995 9.6883
9999.9993 38.3327
9999.9993 33.6973
9999.9997 67.2263
9999.9993 91.5467
9999.9992 35.6616
9999.9997 6.7779
9999.9990 82.1502
9999.9995 85.4690
9999.9995 81.0954
9999.9993 47.5215
9999.9993 44.1687
9999.9994 68.5579
9999.9995 4.6469
9999.9991 23.9454
9999.9997 9.9807
9999.9995 94.0318
9999.9996 62.2342
9999.9990 49.7097
9999.9999 50.6157
9999.9995 28.9052
9999.9993 27.7367
9999.9991 43.4745
9999.9993 85.1482
9999.9996 21.2093
9999.9995 96.9216
9999.9995 55.6877
9999.9999 76.7879
9999.9997 52.8783
10000.0000 85.9315
9999.9993 11.0536
9999.9997 54.9956
9999.9993 8.4615
9999.9996 94.8558
9999.9991 26.1439
9999.9991 95.9198
9999.9991 55.2624
9999.9998 61.0096
9999.9995 29.0282
9999.9998 59.5876
9999.9993 59.1330
9999.9991 68.4002
9999.9999 48.4522
9999.9993 7.0866
9999.9996 88.1110
9999.9996 88.0710
9999.9993 32.2339
9999.9994 91.6075
9999.9997 86.8597
9999.9999 70.9423
9999.9999 59.8734
9999.9991 89.2213
9999.9996 90.7169
9999.9990 31.4470
9999.9990 97.9769
9999.9996 99.4576
9999.9998 83.3172
9999.9996 50.3047
9999.9992 61.0244
9999.9996 0.1182
9999.9997 78.8123
9999.9999 50.1454
9999.9996 9.4595
9999.9996 97.8164
9999.9999 78.1148
9999.9993 85.2600
9999.9999 14.9292
9999.9993 15.0455
9999.9997 42.8524
12 0.0004 97.4471
0.0004 35.3107
0.0005 70.3537
0.0007 23.6962
0.0010 57.9377
0.0007 24.0440
0.0006 7.4109
0.0007 21.3211
0.0004 97.4471
0.0007 37.4267
0.0005 93.3186
0.0007 50.8426
0.0006 76.9495
64 7943.7437 22.2659
0.0007 96.4551
9999.9990 98.6163
9999.9991 97.1473
0.0003 99.4752
9999.9996 90.1283
9999.9992 98.0634
9999.9991 92.2961
0.0004 91.0256
0.0006 3.3615
0.0005 2.7045
0.0003 1.9637
0.0006 1.2354
0.0006 99.8497
0.0006 90.9335
9999.9992 4.3205
9999.9997 93.6050
9999.9998 8.6333
0.0006 3.0067
9999.9995 91.7633
0.0001 96.9535
9999.9996 2.4866
0.0009 99.2613
0.0010 91.0215
9999.9994 90.8010
9999.9995 5.7573
0.0006 6.1334
0.0002 92.4089
0.0008 93.6707
0.0002 90.0304
0.0010 7.4818
9999.9992 2.8949
0.0007 9.8829
0.0005 0.9412
0.0006 95.9597
10000.0000 2.9842
0.0001 5.1922
9999.9990 1.3290
9999.9997 96.1410
0.0006 3.2555
0.0002 91.1599
9999.9993 4.3616
9999.9993 8.0021
0.0007 7.0974
0.0010 92.2659
0.0009 0.6125
9999.9998 97.9699
0.0010 9.1714
9999.9999 3.1035
0.0005 97.7206
9999.9992 90.2090
9999.9993 9.3447
0.0010 4.2850
9999.9993 95.4807
9999.9993 6.5920
9999.9998 6.8165
9999.9997 92.2836
9999.9992 0.1893
9999.9997 96.4738
9999.9995 9.2226
9999.9998 96.0938
0.0005 3.9090
0.0010 1.9666
9999.9994 6.3789
9999.9999 96.6121
23 4500.4190 47.0610
5388.3603 91.0108
5049.8135 6.3933
1278.0318 7.4561
8262.6107 0.8713
5468.9574 94.8633
3251.0464 3.3403
2262.1188 2.4133
7404.2935 93.9593
363.0205 93.3274
6460.6996 6.6618
6022.0373 4.4528
1096.1372 5.4320
2505.5001 97.6899
1118.4233 0.4362
1463.8686 3.2777
4389.8697 97.5715
3467.4647 92.7194
4583.2865 92.4108
548.7219 0.6357
3649.0966 5.8233
7016.4306 8.1222
7252.0480 9.8056
2745.4897 98.8766
40 1140.2334 99.1534
6397.6791 9.6226
7439.7160 2.3378
9014.9973 0.9052
9393.0989 7.7515
4596.9650 2.4274
5459.8920 95.6529
3619.9828 8.6477
3070.5004 96.0953
1667.3375 1.5814
1619.4692 97.4284
5071.2597 95.0718
2026.0889 93.5196
9854.3296 91.8142
2310.4321 9.0071
6615.9217 93.9048
9099.1995 4.2825
3011.9088 9.3065
2606.0527 97.0744
5871.5358 94.6824
4345.5656 2.2771
4437.1529 97.5406
7122.8573 3.8323
334.2756 2.1875
9549.0834 9.3242
764.5457 98.7878
8684.2232 97.5426
5430.9552 90.7742
4225.4058 98.0667
7368.9307 4.8851
9371.8089 97.6946
9946.6049 89.9431
594.3899 99.6237
9528.7361 90.0034
4579.8512 7.9035
3869.2650 7.4548
6834.8431 97.4736
4647.5969 4.4712
2921.5479 4.4499
9659.5931 92.2385
5764.3821 91.9947
95 546.5780 95.3787
0.0010 97.3746
9999.9994 2.4697
0.0008 5.3505
0.0008 92.0358
0.0006 91.8845
9999.9994 96.5481
9999.9990 92.6093
0.0004 3.8422
0.0007 98.6187
0.0002 5.0035
9999.9993 7.4159
9999.9991 94.3761
9999.9995 95.1095
9999.9992 4.3986
9999.9991 8.5421
0.0009 91.3622
0.0002 98.4086
9999.9992 99.2709
0.0004 3.0331
9999.9997 92.8084
9999.9994 9.0646
9999.9993 96.1727
0.0006 4.2987
9999.9993 99.7928
0.0007 0.6785
9999.9991 96.4092
0.0006 98.1816
9999.9991 1.0525
0.0001 7.9034
9999.9998 93.2363
9999.9996 98.5320
0.0008 10.0536
9999.9996 9.0857
0.0002 99.0585
0.0009 2.3251
9999.9992 7.9000
0.0008 91.5403
0.0004 98.9820
0.0003 96.5501
9999.9998 2.6682
0.0005 3.5239
9999.9994 0.4142
9999.9994 93.5596
9999.9992 95.5757
0.0002 2.9766
9999.9992 1.2957
9999.9991 0.7647
0.0006 99.0829
9999.9996 93.7446
9999.9998 2.0155
0.0009 0.2575
0.0010 97.0087
0.0010 93.8972
0.0002 3.2181
0.0010 91.9865
0.0009 98.4447
0.0006 4.1983
9999.9992 6.5267
9999.9990 96.2699
0.0007 93.8643
9999.9998 92.7121
9999.9992 7.5856
0.0007 95.9473
0.0005 0.3061
0.0002 4.0197
0.0003 99.5095
0.0006 4.9343
9999.9998 6.8741
9999.9992 1.8505
9999.9997 3.8873
9999.9991 91.8974
9999.9993 1.4864
0.0002 5.1874
0.0003 8.8691
0.0002 98.1981
9999.9996 5.7054
9999.9995 90.5894
0.0002 91.1975
9999.9991 93.6521
9999.9994 90.9054
9999.9995 8.2756
0.0004 96.5094
0.0007 93.1143
9999.9991 4.6794
0.0002 92.0942
9999.9993 10.0859
10000.0000 99.3277
9999.9996 95.9697
9999.9992 9.0931
9999.9994 6.0973
0.0002 90.9234
9999.9991 1.2928
0.0008 98.8728
0.0008 4.1368
0.0003 10.0122
2 0.0001 0.1001
0.0001 0.1003
0.0001 0.1000
4 7557.8479 71.1031
3406.9127 7.3146
7325.7185 97.6211
1023.2392 93.6381
1274.4217 4.2946
