100
4 2
5 2
6 2
1000 1000
1000 1
453823 431037
999999 127
999999 499997
500000 131071
999999 999998
500000 237857
485228 397739
3 1
312384 254599
741381 616070
1000000 1000000
500000 250000
5 1
999999 475711
999999 128
989964 937397
500000 127
1000000 299251
570199 535180
1000000 475713
546300 529313
3 2
999999 494470
531862 429823
966278 893070
368904 308980
500000 249999
1000000 128
500000 2
500000 262143
500000 1
1 1
708904 671155
1000000 262144
1000000 524287
1000000 262143
500000 500000
1000000 503481
741039 580158
1000000 2
897723 839985
1000000 1
327024 305934
819525 683904
258880 251171
1000000 499998
2 1
1000000 499999
953862 844789
916593 759818
500000 261130
999999 499998
500000 262144
820348 785454
810244 775050
783056 724999
999999 499999
323291 296589
999999 468028
999999 524288
426794 388640
558996 430767
314461 248366
4 1
500000 237856
999999 2
1000000 127
500000 131072
761105 650721
262638 233536
490860 436204
837175 824337
715888 550441
882643 707743
999999 1
500000 196464
1000000 500000
999999 524287
500000 249998
999999 262143
2 2
999999 475712
500000 499999
955356 869574
999999 262144
1000000 999999
647622 522459
999999 999999
934234 727734
833466 731853
1000000 475712
411053 409139
383405 289907
500000 128
1000000 524288
