100
2 1
500 300
900
660
2 1
500 300
1500
809
2 2
50 100
450 449
1100 1101
2 1
500 300
300
500
1 8
10
11 13 17 11 16 14 12 18
2 2
3 5
3113 1500
2500 5482
1 7
4
4000 2945 360 6455 1606 2589 3769
2 6
1 9
654 2141 1650 1935 990 300
2700 17602 6378 12150 18537 10890
2 1
3 9
305
928
2 7
33628 146057
673252 569294 913704 495811 938670 534456 743479
896706 541643 598136 707347 895715 874545 700027
2 7
8 1
2497 726 1519 3200 4400 5423 4750
704 195 400 99 567 450 301
1 7
190673
993311 739434 855670 595014 790308 979284 975185
1 3
2
410 200 540
2 8
4 3
4 4 4 44 4 36 4 4
3 27 33 3 3 3 3 3
2 8
7 8
2100 17280 6653 12529 5363 1400 9450 6353
7729 13200 14144 1600 2400 19602 5814 7792
2 5
7 10
7 7 7 7 77
11 10 9 10 90
2 8
206674 12398
771037 851940 990954 995929 443057 948781 954663 927431
965345 600421 802431 951017 911949 726266 791856 894042
2 6
4 4
360 390 400 431 400 391
400 373 440 405 412 400
1 2
7
2829 6300
1 6
4
9803 9763 8629 9184 8316 9196
1 6
8
40 72 72 8 8 29
2 8
4 4
31 44 8 12 16 36 35 8
12 16 32 36 8 44 34 8
1 8
1
1260 1433 1400 1501 1540 1376 1525 1261
1 3
1
8 11 6
1 4
2
540 197 424 800
2 6
7 9
12587 11200 11893 12711 10773 12643
13811 15674 16929 16672 15463 15291
2 5
8 4
88 17 40 24 15
36 8 8 12 22
2 8
6 7
4917 1155 660 1817 2537 3000 3240 4124
2239 4736 5653 3500 630 4620 1346 2921
1 4
3
4205 3664 3510 3900
2 8
36854 374836
601271 790383 867211 675045 811245 616954 994355 911219
698860 256066 672090 788986 907409 902019 959784 845495
2 8
100157 165799
572997 634087 905433 871443 994118 765327 446391 991532
842692 995818 523210 875103 902633 991137 656137 780039
1 8
9
5599 833 2891 3600 4050 1766 7596 6146
2 3
4 3
22 28 32
23 21 14
2 6
1 1
1985 2009 2001 1987 2167 1800
2001 1895 2199 2200 2130 2106
1 4
10
40 90 31 80
1 3
1000000
899999 900000 900001
1 3
6
1620 1800 1818
2 4
6 1
9000 5735 1231 11880
1500 913 204 1620
2 6
98804 5748
947019 815438 782722 566531 747897 456793
765982 385518 688575 907440 987186 994525
2 5
1 9
277 298 270 329 272
2970 2819 2682 2828 2546
1 6
1
722 805 745 802 854 729
2 1
412965 34948
742196
931210
2 3
266787 12811
801768 735387 736728
742106 929812 201365
2 2
513571 110273
957414 807865
526153 902683
2 8
10 10
7040 5500 3000 3810 933 2022 8000 5937
4500 8000 2123 7628 3000 1000 4354 5550
1 7
7
4410 686 3474 1540 2190 2800 3989
2 8
4 2
4 44 26 4 28 8 12 15
2 2 4 8 6 13 18 14
2 4
2 5
2520 2983 2883 2800
6424 7000 7700 7600
2 8
6 8
8640 10265 2160 9129 8400 549 13650 13651
14080 17799 750 18693 12776 3520 11200 12175
1 3
47104
905503 779030 788400
1 6
4
4 36 4 4 4 4
2 8
3 8
4884 5164 4838 5207 5280 4320 4528 4800
13561 14080 12800 12437 12203 11520 13012 13355
2 2
6 9
6 12
9 18
2 2
1 3
6 4
11 18
2 6
4 10
32 16 4 12 20 44
51 80 28 10 40 90
1 6
6
10893 9935 10200 11220 10567 9707
2 8
8 2
17668 19254 19233 19224 21208 20115 17280 19477
4827 5280 5061 4744 4338 5172 5049 4806
2 3
7 7
9055 9793 8869
9793 9338 9554
2 1
10 4
26400
8640
1 5
5
55 5 5 5 5
1 7
9
20349 22835 21312 23859 21375 22144 21645
1 6
711633
797727 338044 929328 928162 820677 913638
1 1
178313
747469
2 8
1 1
775 802 858 720 801 872 821 805
802 730 760 725 796 852 880 808
2 5
5 7
3500 3150 3291 3634 3491
5306 4408 5390 5062 4900
1 8
6
2907 1800 4157 1122 634 3636 4800 2640
1 2
3
4800 5940
1 1
3
293
1 8
10
2 3 7 8 4 5 1 6
2 5
7 3
12086 10080 10462 12230 11200
5280 4800 4832 4830 4536
2 8
8 3
67 88 46 88 56 15 22 56
27 24 21 27 9 17 6 21
1 1
7
63
1 5
235412
999864 890597 821398 877680 675724
1 2
202455
998534 892980
2 7
10 2
1000 7582 3600 2042 6000 3111 4999
375 1279 651 200 917 1200 880
2 4
3 2
4284 4050 4509 4939
3300 2940 3006 3097
2 5
9 8
5670 18900 16788 9154 20142
8124 6160 14585 17719 16800
2 8
2 2
1200 1429 1482 200 417 979 656 880
1400 418 1459 634 935 1200 200 720
2 5
4 10
780 440 2000 1645 1115
2706 5000 2050 4039 900
2 7
7 5
16800 4045 1890 7488 13365 14866 15400
10030 9000 12000 11045 1650 5688 2920
1 6
7
10808 8936 2202 2800 1540 17500
2 3
2 1
987 1070 1100
450 499 497
2 8
8 7
4544 4639 4973 4800 4340 5078 5280 4320
3912 4369 4200 4620 4106 3780 4367 4492
1 8
6
11815 12771 12000 12583 10800 11205 12116 12659
2 7
92728 30956
382667 914406 960089 591356 486118 978068 599951
922637 999770 632483 964816 612983 893242 997243
2 7
9 4
2735 2700 2485 2564 2970 2584 2803
1080 1200 1211 1101 1251 1197 1242
1 2
5
1000 497
1 2
10
90 40
2 8
9 5
14373 15870 15113 14812 13041 14095 13365 15939
8855 7413 8335 8808 7242 7245 8141 7985
1 6
729986
294843 806574 757441 990400 970176 975321
2 2
10 10
80 22
80 22
2 8
10 1
1030 998 952 1100 1041 1000 962 1057
90 100 105 91 110 90 110 92
2 4
9 2
18810 15549 17118 18584
3804 4021 4108 3420
2 8
1 5
193 90 660 543 440 686 800 300
3324 1500 921 2187 2357 4000 550 2700
1 8
3
4327 4934 4860 1764 2400 4996 5785 5247
2 8
1 1
1000000 999999 999998 999997 999996 999995 999994 999993
999992 999991 999990 999989 999988 999987 999986 999985
1 3
3
1080 1298 1190
1 7
10
14000 21600 24450 10588 16000 2200 24929
1 3
10
37 70 90
2 8
6 5
6 66 6 6 54 6 6 6
55 5 5 5 5 5 45 5
