100
1 1
1 4 3 2
1 3
1 8 2 7 3 4 5 6
2 2
8 1 4 5 2 3 7 6
1 1
1 3 2 4
10 1
20 19 16 15 18 1 3 4 7 6 2 17 10 9 21 22 12 11 14 13 5 8
6 1
13 12 4 11 14 1 3 2 10 9 7 6 5 8
1 4
7 8 2 9 3 6 10 1 5 4
8 2
4 7 8 17 19 18 10 11 2 3 15 14 6 5 1 20 16 9 12 13
1 8
13 14 6 3 4 5 1 2 18 17 10 11 7 12 16 15 8 9
1 16
5 30 11 24 29 6 2 33 18 17 4 31 21 14 28 7 9 26 32 3 8 27 13 22 15 20 10 25 19 16 12 23 1 34
8 2
9 12 17 4 5 16 3 18 11 10 2 19 8 13 15 6 14 7 20 1
3 2
7 10 4 5 9 8 6 3 2 1
2 2
4 1 6 7 5 8 3 2
8 2
2 19 11 12 4 5 20 1 15 8 18 17 10 13 16 7 14 9 3 6
1 5
9 2 4 3 5 8 12 1 6 7 10 11
8 2
18 5 3 20 12 13 4 19 16 15 6 17 11 14 1 2 8 9 10 7
3 5
14 11 13 12 1 10 5 6 9 4 3 2 7 8 16 15
4 4
3 6 1 2 8 7 16 15 14 9 11 10 12 13 5 4
2 8
3 16 19 2 13 6 1 20 14 5 11 12 15 4 18 17 10 7 8 9
4 2
5 6 11 10 12 1 3 4 7 8 2 9
1 2
5 6 2 1 4 3
2 4
6 11 8 7 3 2 4 5 1 12 9 10
16 1
27 26 13 12 2 1 18 21 7 34 24 25 19 20 3 4 16 17 29 22 28 23 10 15 11 14 9 8 5 6 32 33 30 31
1 13
2 15 19 23 26 7 16 18 24 10 6 17 22 25 8 27 1 14 11 5 9 3 13 20 28 21 4 12
4 1
10 7 5 6 9 8 2 1 3 4
3 5
1 4 7 6 2 3 9 10 15 16 14 11 13 12 5 8
4 1
2 9 3 4 5 8 10 1 7 6
8 2
14 11 16 7 4 3 1 20 19 2 18 5 6 17 8 15 13 12 10 9
16 1
28 7 19 16 22 23 6 29 18 17 20 15 33 34 25 24 14 21 12 13 8 27 3 32 30 5 4 31 10 11 9 26 2 1
1 14
8 11 21 18 27 26 17 16 24 25 4 5 30 29 1 2 15 12 6 7 23 22 20 19 13 14 3 28 9 10
2 4
2 7 3 4 10 1 12 11 9 8 6 5
2 1
4 3 2 1 6 5
8 2
4 3 6 15 12 13 10 9 1 20 17 16 14 11 5 2 8 7 18 19
8 2
20 19 17 6 10 11 7 16 2 3 14 13 18 5 15 8 12 9 4 1
2 4
8 7 1 12 9 10 11 4 5 6 3 2
3 5
13 14 3 4 11 12 8 7 1 16 15 2 9 10 6 5
1 13
14 15 4 3 11 12 2 25 27 26 19 20 7 8 1 28 13 16 6 21 10 17 23 24 18 9 5 22
2 8
7 12 18 19 10 9 8 11 20 17 2 3 6 13 4 1 5 14 15 16
1 11
13 10 18 19 1 24 11 12 7 6 16 9 20 21 5 4 22 3 23 2 15 14 8 17
13 1
16 13 6 25 24 7 20 19 21 10 22 23 27 28 8 9 12 17 5 26 1 2 18 11 3 4 14 15
4 4
9 10 1 2 14 13 16 3 7 6 8 15 12 11 4 5
3 1
3 2 8 1 6 7 4 5
8 2
18 5 13 14 17 6 16 7 15 8 4 1 19 20 12 9 10 11 3 2
2 8
13 6 17 20 9 12 1 2 3 16 8 7 18 19 4 15 10 11 14 5
3 1
4 5 2 7 3 6 8 1
1 3
5 8 6 7 1 2 4 3
16 1
16 15 8 7 22 21 4 3 5 6 13 14 23 24 26 9 31 32 29 30 18 17 28 27 34 33 11 10 2 1 19 20 12 25
3 5
2 1 7 4 16 3 13 14 8 9 6 5 11 10 12 15
4 2
11 2 8 5 9 4 6 7 12 1 3 10
8 2
2 3 10 13 11 12 4 1 20 17 19 18 16 7 14 9 8 15 6 5
4 4
1 16 4 13 3 14 2 15 11 6 7 10 5 12 8 9
2 2
4 5 7 8 2 1 3 6
3 5
13 12 16 11 9 8 1 2 4 5 10 3 14 15 7 6
2 4
7 8 11 6 12 3 1 2 9 10 5 4
4 3
8 1 11 6 10 7 3 4 13 14 5 2 12 9
8 2
12 13 16 7 8 15 17 6 5 18 2 19 14 11 1 20 9 10 4 3
2 8
14 5 16 17 11 8 13 6 2 19 18 15 3 4 7 12 20 1 9 10
2 8
8 7 9 12 18 19 10 11 15 4 13 6 3 16 14 5 20 17 1 2
2 7
15 12 14 13 18 1 10 11 3 2 7 6 9 8 16 17 4 5
2 8
5 14 13 6 1 20 4 15 7 10 9 8 17 18 2 19 11 12 16 3
8 2
5 4 20 19 9 10 11 12 2 3 8 15 17 16 18 1 7 6 14 13
8 2
17 6 15 16 11 14 13 12 5 18 3 20 2 1 19 4 8 9 7 10
2 3
7 8 2 3 1 4 10 9 6 5
1 4
9 10 3 8 7 6 1 2 5 4
8 1
17 2 18 1 4 5 12 9 15 6 7 8 14 13 10 11 3 16
2 1
4 3 1 2 5 6
4 1
10 8 9 1 6 4 3 5 2 7
1 8
2 1 7 8 9 12 11 10 14 13 18 15 16 17 5 6 4 3
1 3
5 6 7 2 4 3 1 8
8 2
16 17 19 20 2 3 9 8 4 7 15 18 12 11 6 5 1 14 10 13
8 2
17 16 6 7 9 12 3 2 14 13 15 8 19 18 4 5 20 1 11 10
1 16
7 8 26 9 5 30 15 16 22 13 32 31 18 17 20 19 21 14 28 29 34 1 23 12 11 24 2 33 3 4 25 10 27 6
1 4
4 5 2 7 6 3 8 1 9 10
2 4
6 7 4 5 1 2 3 12 11 10 8 9
2 8
18 19 11 10 13 6 1 2 9 12 3 16 7 8 15 4 17 20 5 14
1 14
13 18 7 24 8 23 5 26 25 6 14 17 10 21 11 20 12 19 4 27 15 16 28 3 22 9 2 29 1 30
4 2
7 10 2 3 1 4 8 9 5 12 11 6
2 4
2 11 6 5 12 1 10 9 4 3 7 8
3 2
3 4 8 9 6 5 2 7 1 10
4 4
7 8 11 2 12 13 10 9 4 5 15 14 16 1 3 6
1 3
5 1 7 8 6 4 2 3
2 4
4 7 5 6 3 12 10 11 9 8 1 2
3 2
9 4 3 2 6 5 7 8 10 1
8 1
6 15 7 14 17 4 1 2 5 16 9 12 3 18 11 10 8 13
1 1
4 1 3 2
3 1
2 1 7 8 5 6 3 4
16 1
18 19 9 8 7 6 12 13 30 31 10 27 2 1 11 26 14 21 34 33 3 32 15 20 22 23 17 16 4 5 29 28 25 24
4 2
5 4 9 8 12 1 11 2 7 6 3 10
2 4
6 7 3 4 1 12 2 5 8 9 10 11
2 8
11 14 20 19 8 9 1 18 12 13 2 17 16 3 6 5 7 10 15 4
3 3
3 12 8 9 1 2 6 7 10 11 4 5
1 2
1 2 5 6 4 3
3 2
2 3 10 5 7 8 9 6 4 1
8 1
18 1 7 6 10 9 8 11 17 16 3 2 12 13 14 15 4 5
8 1
16 5 3 4 18 17 10 9 13 8 14 7 6 15 1 2 11 12
2 4
4 5 9 8 1 12 11 10 6 7 2 3
5 3
2 5 7 16 10 13 6 1 12 11 4 3 15 8 9 14
2 8
20 19 14 13 1 18 3 16 4 15 9 12 10 11 6 7 17 2 5 8
8 2
10 11 8 7 4 19 2 1 14 15 12 9 3 20 17 6 16 13 5 18
6 2
10 11 14 15 6 7 13 8 3 2 1 4 5 16 9 12
