100
4 2
5 2
6 2
1000 1000
1000 1
485 468
1000 999
500 2
655 629
846 784
500 128
750 565
311 280
1000 498
999 998
2 1
1 1
500 250
1000 502
500 248
500 249
1000 500
502 425
368 313
5 1
999 1
804 622
500 200
500 500
999 499
1000 511
904 750
729 547
458 374
491 378
500 244
999 128
999 127
867 818
404 371
999 479
804 791
2 2
500 127
1000 512
1000 297
999 498
983 814
999 256
306 286
999 2
580 524
511 431
1000 499
1000 489
631 473
336 296
500 117
4 1
999 255
813 629
268 206
3 2
500 97
838 673
500 256
665 646
3 1
999 999
999 512
1000 127
1000 2
423 341
563 550
632 594
999 487
908 777
500 245
837 834
500 116
1000 488
1000 255
1000 256
419 412
500 1
775 583
664 627
999 488
500 499
728 574
999 497
869 793
401 305
500 255
999 511
444 439
770 723
951 868
1000 128
348 276
