100
11 5 16 5 0 0
3 1 3 2 2 0
3 1 3 2 1 0
2 1 5 1 1 1
26 1 60 13 3 2
17 1 84 9 4 2
88 7 48 60 0 0
92 1 93 47 0 1
92 1 22 50 0 4
55 1 80 31 3 3
97 1 93 47 0 1
93 1 94 47 0 1
100 1 92 49 0 1
83 1 95 39 4 8
66 1 63 35 2 3
93 1 68 46 3 21
90 1 46 45 0 2
96 1 96 49 0 1
91 1 92 45 0 1
97 1 32 51 0 3
94 1 31 46 0 3
4 17 86 41 7 15
66 1 54 2 1 1
95 1 31 46 0 3
98 1 22 53 0 4
92 1 96 46 0 1
61 1 41 78 4 15
99 1 97 50 0 1
92 3 15 47 1 1
99 1 92 48 0 1
97 1 24 52 0 4
98 1 100 48 0 1
99 1 24 52 0 4
98 1 90 48 0 1
99 1 30 50 0 3
98 1 91 48 0 1
96 1 94 47 0 1
98 1 95 48 0 1
62 1 42 24 24 2
90 1 54 44 2 19
98 1 48 50 0 2
59 1 40 27 2 1
100 1 100 49 0 1
98 1 100 49 0 1
92 1 19 23 0 0
99 2 2 8 0 0
98 1 91 50 0 1
100 1 100 51 0 1
53 1 98 12 1 4
93 1 92 47 0 1
100 1 24 51 0 4
19 1 70 11 1 5
99 1 94 48 0 1
92 1 91 47 0 1
93 1 91 47 0 1
90 1 91 46 0 1
91 1 33 44 0 3
99 1 49 49 0 2
85 3 89 80 11 5
94 1 90 47 0 1
90 1 92 46 0 1
22 1 36 12 1 2
70 9 81 97 16 7
33 1 63 16 3 9
99 1 93 49 0 1
98 1 93 48 0 1
95 4 23 34 0 0
90 1 96 45 0 1
94 1 90 48 0 1
94 1 47 49 0 2
97 1 90 49 0 1
100 1 96 49 0 1
50 1 16 22 1 2
28 5 50 7 0 0
95 1 48 47 0 2
93 1 99 46 0 1
90 1 24 45 0 4
66 1 99 28 4 15
93 1 98 46 0 1
98 1 33 48 0 3
74 1 5 66 5 9
31 1 80 12 1 8
41 1 55 23 2 18
81 1 18 40 4 21
36 41 85 76 28 49
80 15 55 89 33 87
5 1 88 2 1 1
90 1 96 46 0 1
100 1 90 51 0 1
68 41 82 34 5 7
90 1 49 45 0 2
91 1 47 47 0 2
98 1 23 53 0 4
98 1 90 50 0 1
91 1 93 44 0 1
99 1 33 49 0 3
66 1 68 27 3 3
97 1 97 47 0 1
10 1 89 39 1 27
100 1 91 51 0 1
