30
3
8 35 25
35 92 31
18 86 44
5
17 64 4
38 69 6
7 47 7
13 25 23
37 73 7
2
33 49 17
22 94 12
5
11 86 6
18 93 72
11 93 26
38 37 0
34 97 47
5
31 13 4
25 31 30
17 103 51
37 51 12
27 57 51
2
15 31 4
31 83 34
2
11 41 4
19 104 94
2
39 39 0
37 96 46
4
7 55 37
18 89 42
38 67 8
14 16 6
5
25 73 42
19 57 38
37 101 74
2 42 12
31 99 58
5
32 62 56
29 93 86
8 65 48
36 101 50
40 56 32
4
3 46 16
30 36 12
11 77 11
34 86 18
5
6 108 36
22 95 34
18 21 3
28 25 3
10 61 7
5
15 51 18
34 81 61
7 57 24
24 37 28
24 11 9
5
32 57 39
18 44 28
35 100 10
4 64 60
8 38 8
2
4 65 20
27 22 6
3
24 87 27
38 24 2
21 74 5
3
13 93 15
11 76 33
23 95 0
5
23 69 46
14 23 2
36 99 63
3 55 14
35 107 32
2
32 73 23
39 11 4
3
30 20 10
3 95 94
35 22 4
5
4 50 4
30 102 24
30 87 51
19 48 40
22 86 82
2
40 35 20
40 50 20
3
39 39 0
21 96 72
38 13 9
3
27 45 27
30 16 4
16 90 10
5
37 51 4
34 94 12
23 46 23
26 92 72
14 51 49
5
4 108 12
4 89 56
24 26 0
16 80 16
10 91 55
5
33 94 61
14 88 66
19 58 43
33 48 0
37 63 33
2
24 49 36
15 63 51
5
9 64 53
31 18 12
12 73 32
22 22 0
39 70 43
