100
2 2
0.50 0.50
4 2
0.00 0.00 1.00 1.00
3 2
0.50 0.75 1.00
200 100
0.93 0.06 0.89 0.04 0.04 0.09 0.83 0.08 0.88 0.05 0.84 0.06 0.81 0.84 0.84 0.03 0.89 0.87 0.08 0.81 0.82 0.90 0.80 0.01 0.84 0.82 0.05 0.84 0.88 0.96 0.09 0.89 0.04 0.82 0.00 0.97 0.82 0.84 0.81 0.84 0.99 0.86 0.81 0.03 1.00 0.06 0.94 0.85 0.03 0.80 0.84 0.05 0.09 0.81 0.09 0.80 0.82 0.90 0.01 0.90 0.87 0.97 0.84 0.87 0.00 0.91 0.84 0.86 0.89 0.87 0.96 0.02 0.89 0.95 0.82 0.96 0.87 0.90 0.02 0.05 0.87 0.88 0.93 0.03 0.89 0.07 0.86 0.07 0.80 0.80 0.03 0.85 0.87 0.02 0.83 0.88 0.90 0.96 0.05 0.89 0.87 0.83 0.89 0.00 0.81 0.99 0.07 0.86 0.89 0.88 0.88 0.90 0.85 0.80 0.84 0.04 0.90 0.91 0.85 0.87 0.84 0.97 0.80 0.01 0.90 0.02 0.86 0.85 0.90 0.85 0.92 0.84 0.83 1.00 0.80 0.88 0.10 0.01 0.80 0.82 0.02 0.89 0.99 0.83 0.99 0.80 0.10 0.05 0.84 0.05 0.84 0.85 0.81 0.84 0.84 0.90 0.84 0.82 0.85 0.82 0.82 0.10 0.82 0.90 0.85 0.83 0.85 0.88 0.83 0.84 0.03 0.85 0.10 0.90 1.00 0.89 0.01 0.84 0.99 0.05 0.99 0.90 0.00 0.81 0.83 0.90 0.86 0.85 0.82 0.86 0.85 0.80 0.89 0.88 0.80 0.90 0.90 0.83 0.87 0.90
199 100
0.82 0.79 0.73 0.80 0.73 0.77 0.77 0.73 0.82 0.78 0.76 0.78 0.71 0.74 0.85 0.85 0.79 0.73 0.71 0.72 0.78 0.70 0.74 0.83 0.76 0.75 0.79 0.84 0.78 0.82 0.79 0.72 0.75 0.77 0.74 0.73 0.74 0.70 0.71 0.75 0.80 0.81 0.78 0.80 0.84 0.76 0.79 0.74 0.84 0.85 0.73 0.76 0.74 0.82 0.76 0.73 0.79 0.71 0.79 0.76 0.82 0.78 0.80 0.76 0.84 0.81 0.73 0.78 0.74 0.76 0.82 0.85 0.84 0.74 0.72 0.79 0.76 0.70 0.83 0.72 0.79 0.84 0.83 0.84 0.72 0.83 0.74 0.79 0.85 0.80 0.79 0.85 0.73 0.73 0.81 0.76 0.74 0.77 0.72 0.79 0.76 0.77 0.72 0.74 0.77 0.70 0.72 0.82 0.75 0.70 0.72 0.75 0.84 0.78 0.84 0.80 0.72 0.70 0.72 0.81 0.72 0.70 0.82 0.75 0.71 0.71 0.79 0.70 0.81 0.74 0.70 0.72 0.73 0.70 0.84 0.81 0.82 0.70 0.83 0.77 0.85 0.77 0.78 0.81 0.85 0.78 0.82 0.72 0.76 0.70 0.81 0.85 0.71 0.74 0.77 0.76 0.75 0.85 0.83 0.80 0.83 0.76 0.73 0.80 0.75 0.72 0.70 0.70 0.78 0.78 0.77 0.74 0.73 0.73 0.79 0.84 0.74 0.82 0.83 0.82 0.82 0.76 0.71 0.70 0.71 0.82 0.75 0.81 0.71 0.70 0.84 0.81 0.76 0.81 0.72 0.76 0.70 0.72 0.83
200 100
0.46 0.95 0.96 0.44 0.90 0.38 0.98 0.62 0.59 0.72 0.51 0.54 0.68 0.25 0.62 0.79 0.53 0.32 1.00 0.83 0.29 0.74 0.61 0.55 0.57 0.49 0.25 0.41 0.90 1.00 0.89 0.39 0.64 0.81 0.30 0.68 0.38 0.28 0.54 0.97 0.26 0.96 0.31 0.78 0.77 0.80 0.48 0.47 0.82 0.41 0.70 0.26 0.32 0.77 0.28 0.56 0.65 0.38 0.31 0.92 0.88 0.85 0.78 0.63 0.93 0.49 0.99 0.40 0.55 0.44 0.92 0.50 0.79 0.66 0.29 0.65 0.85 0.81 0.26 0.74 0.28 1.00 0.79 0.99 0.74 0.93 0.71 0.72 0.40 0.95 0.98 0.99 0.28 0.63 0.71 0.90 0.36 0.98 0.92 0.96 0.73 0.37 0.55 0.97 0.78 0.35 0.26 0.80 1.00 0.54 0.44 0.42 1.00 0.77 0.76 0.95 0.69 0.65 0.72 0.76 0.46 0.39 0.64 0.81 0.44 0.44 0.82 0.63 0.45 0.53 0.88 0.96 0.27 0.85 0.46 0.54 0.34 0.97 0.90 0.76 0.72 0.95 0.28 0.29 0.77 0.50 0.67 0.30 0.52 0.65 0.87 0.27 0.54 0.24 0.23 0.85 0.76 0.92 0.80 0.98 0.60 0.34 0.43 0.92 0.23 0.94 0.89 0.46 0.78 0.69 0.38 0.90 0.66 0.66 0.94 0.60 0.83 0.70 0.64 0.67 0.33 0.36 0.66 0.56 0.75 0.76 0.57 0.94 0.94 0.66 0.50 0.44 0.26 0.95 0.26 0.99 0.27 0.59 0.88 0.54
200 100
0.99 0.99 0.99 0.01 0.01 0.99 0.01 0.99 0.01 0.99 0.01 0.01 0.50 0.01 0.01 0.01 0.99 0.50 0.50 0.01 0.01 0.01 0.99 0.01 0.50 0.99 0.50 0.99 0.99 0.99 0.01 0.50 0.99 0.01 0.99 0.01 0.99 0.99 0.01 0.99 0.99 0.99 0.01 0.99 0.01 0.99 0.01 0.01 0.01 0.01 0.01 0.01 0.01 0.01 0.01 0.99 0.99 0.01 0.99 0.99 0.99 0.50 0.99 0.01 0.99 0.99 0.99 0.01 0.99 0.01 0.01 0.99 0.01 0.99 0.01 0.99 0.99 0.99 0.50 0.99 0.99 0.01 0.99 0.99 0.50 0.01 0.99 0.99 0.99 0.01 0.99 0.99 0.99 0.50 0.99 0.99 0.99 0.99 0.99 0.99 0.01 0.01 0.50 0.99 0.01 0.01 0.01 0.99 0.01 0.99 0.01 0.99 0.50 0.99 0.01 0.01 0.99 0.01 0.99 0.01 0.99 0.01 0.01 0.99 0.01 0.50 0.99 0.01 0.99 0.99 0.99 0.01 0.99 0.01 0.99 0.01 0.01 0.01 0.99 0.99 0.99 0.01 0.01 0.01 0.99 0.99 0.99 0.50 0.99 0.01 0.01 0.01 0.50 0.99 0.99 0.01 0.01 0.99 0.99 0.01 0.01 0.01 0.01 0.99 0.01 0.01 0.50 0.99 0.01 0.01 0.50 0.01 0.99 0.01 0.01 0.99 0.99 0.01 0.50 0.01 0.99 0.99 0.99 0.99 0.01 0.01 0.01 0.01 0.01 0.99 0.01 0.99 0.50 0.01 0.01 0.99 0.01 0.50 0.01 0.01
50 36
0.36 0.63 0.98 0.86 0.11 0.04 0.12 0.56 0.35 0.88 0.16 0.84 0.90 0.77 0.47 0.70 0.82 0.38 0.11 0.20 0.94 0.82 0.19 0.99 0.47 0.54 0.83 0.75 0.71 0.33 0.12 0.19 0.82 0.33 0.82 0.62 0.06 0.20 0.98 0.77 0.01 0.62 0.79 0.08 0.57 0.51 0.33 0.76 0.66 0.56
3 2
0.50 0.01 0.99
200 68
0.26 0.58 0.84 0.92 0.37 0.82 0.45 0.76 0.75 0.52 0.48 0.52 0.63 0.40 0.52 0.66 0.19 0.49 0.14 0.10 0.91 0.45 0.85 0.67 0.44 0.92 0.72 0.63 0.80 0.09 0.05 0.11 0.16 0.52 0.14 0.46 0.81 0.32 0.20 0.01 0.74 0.89 0.43 0.76 0.37 0.39 0.35 0.43 0.31 0.55 0.47 0.78 0.48 0.14 0.20 0.49 0.84 0.89 0.93 0.24 0.02 0.54 0.67 0.07 0.62 0.21 0.52 0.00 0.27 0.78 0.16 0.65 0.83 0.89 0.92 0.63 0.59 0.25 0.84 0.54 0.35 0.35 0.73 0.39 0.73 0.74 0.46 0.32 0.65 0.02 0.88 0.57 0.50 0.31 0.86 0.28 0.82 0.63 0.08 0.80 0.80 0.59 0.51 0.12 0.83 0.75 0.85 0.05 0.68 0.43 0.03 0.57 0.73 0.11 0.76 0.84 0.81 0.10 0.59 0.61 0.27 0.49 0.06 0.39 0.29 0.25 0.59 0.14 0.62 0.33 0.24 0.51 0.86 0.67 0.57 0.13 0.08 0.32 0.08 0.89 0.01 0.53 0.67 0.25 0.45 0.25 0.74 0.26 0.71 0.52 0.72 0.25 0.67 0.93 0.73 0.12 0.38 0.48 0.65 0.16 0.22 0.39 0.05 0.72 0.56 0.38 0.32 0.02 0.92 0.09 0.89 0.25 0.18 0.82 0.36 0.78 0.81 0.79 0.57 0.02 0.01 0.53 0.07 0.63 0.02 0.00 0.17 0.11 0.37 0.40 0.73 0.07 0.70 0.62 0.69 0.47 0.85 0.54 0.02 0.89
200 90
0.96 0.50 0.00 0.61 0.52 0.97 0.86 0.90 0.81 0.73 0.66 0.01 1.00 0.64 0.78 0.03 0.02 0.03 0.78 0.50 0.01 0.05 0.68 0.56 0.05 0.05 0.92 0.05 0.60 0.01 0.04 0.05 0.04 0.01 0.04 0.92 0.63 0.03 0.00 0.03 0.86 0.80 0.77 0.01 0.04 0.96 0.01 0.00 0.55 0.03 0.01 0.05 0.77 0.74 0.01 0.02 0.92 0.05 0.00 0.01 0.04 0.68 0.50 0.67 0.03 0.68 0.69 0.01 0.80 0.69 0.73 0.95 0.74 0.01 0.89 1.00 0.05 0.02 0.05 0.04 0.02 0.03 0.00 0.76 0.64 0.81 0.00 0.05 0.00 0.02 0.58 0.50 0.03 0.05 0.87 0.04 0.03 0.00 0.84 0.02 0.86 0.00 0.66 0.61 0.01 0.83 0.91 0.60 0.03 0.63 0.04 0.05 0.00 0.03 0.83 0.58 0.77 0.57 0.01 0.91 0.92 0.54 0.92 0.05 0.87 0.04 0.04 0.83 0.98 0.56 0.80 0.02 0.05 0.03 0.04 0.62 0.01 0.93 0.61 0.02 0.04 0.62 0.73 0.81 0.84 0.03 0.03 0.70 0.00 0.00 0.99 0.51 0.92 0.76 0.90 0.03 0.89 0.05 0.70 0.64 0.89 0.05 0.84 0.75 0.00 0.02 0.70 0.00 0.05 0.04 0.04 0.03 0.04 0.03 0.05 0.69 0.02 0.00 0.03 0.73 0.04 0.03 0.90 0.00 0.89 0.02 0.95 0.01 0.51 0.02 0.58 1.00 0.93 0.01 0.03 0.91 0.59 0.61 0.03 0.00
200 100
0.15 0.21 0.43 0.31 0.14 0.34 0.10 0.18 0.36 0.39 0.23 0.23 0.40 0.33 0.42 0.47 0.44 0.14 0.19 0.42 0.39 0.45 0.34 0.34 0.37 0.31 0.46 0.15 0.05 0.19 0.23 0.34 0.19 0.30 0.15 0.47 0.45 0.10 0.40 0.24 0.37 0.04 0.27 0.05 0.27 0.47 0.06 0.11 0.07 0.17 0.18 0.19 0.31 0.22 0.28 0.18 0.00 0.21 0.40 0.04 0.03 0.32 0.15 0.08 0.13 0.05 0.36 0.33 0.08 0.12 0.12 0.19 0.25 0.07 0.04 0.45 0.18 0.11 0.01 0.08 0.01 0.33 0.15 0.05 0.09 0.01 0.06 0.02 0.07 0.45 0.42 0.02 0.07 0.37 0.37 0.06 0.27 0.26 0.33 0.03 0.04 0.31 0.37 0.25 0.24 0.24 0.14 0.02 0.02 0.36 0.19 0.23 0.36 0.34 0.14 0.30 0.25 0.42 0.38 0.26 0.15 0.10 0.24 0.38 0.24 0.33 0.34 0.22 0.19 0.31 0.00 0.39 0.01 0.06 0.02 0.14 0.38 0.40 0.44 0.33 0.07 0.10 0.03 0.16 0.26 0.41 0.39 0.01 0.16 0.10 0.18 0.07 0.27 0.36 0.21 0.41 0.37 0.40 0.06 0.29 0.46 0.36 0.36 0.01 0.13 0.14 0.21 0.34 0.44 0.13 0.34 0.14 0.20 0.44 0.19 0.24 0.05 0.08 0.01 0.34 0.27 0.47 0.23 0.30 0.39 0.44 0.35 0.43 0.39 0.39 0.00 0.43 0.24 0.35 0.03 0.12 0.24 0.38 0.45 0.09
200 100
0.00 0.83 0.00 0.98 0.81 0.09 0.06 0.98 0.00 0.03 0.86 0.94 1.00 0.87 0.05 0.96 0.83 0.90 0.83 0.82 0.80 0.02 0.80 0.91 0.03 0.03 0.04 0.90 0.07 0.80 0.88 0.88 0.89 0.89 0.96 0.89 0.94 0.81 0.85 0.86 0.85 0.81 0.88 0.09 0.88 0.06 0.01 0.96 0.86 0.85 0.07 0.83 0.00 0.83 0.03 0.89 0.88 0.02 0.81 0.80 0.83 0.88 0.08 0.82 0.90 0.80 0.80 0.84 0.90 0.82 0.88 0.83 0.88 0.88 0.86 0.84 0.82 0.88 0.03 0.10 0.03 0.85 0.81 0.90 0.83 0.94 0.85 0.97 0.82 0.97 0.86 0.01 0.83 0.87 0.88 0.88 0.83 0.86 0.10 0.89 0.86 0.88 0.89 0.84 0.07 0.91 0.84 0.86 0.85 0.99 0.84 0.81 0.89 0.82 0.83 0.91 1.00 0.86 0.81 0.89 0.99 0.02 0.00 0.84 0.80 0.06 0.89 0.80 0.08 0.00 0.83 0.84 0.84 0.01 0.82 0.81 0.02 0.05 0.83 0.09 0.00 0.10 0.83 0.90 0.90 0.95 0.89 0.85 0.05 0.90 0.06 0.86 1.00 0.80 0.04 0.80 0.84 0.96 0.84 0.82 0.88 0.95 0.85 0.84 0.80 0.97 0.83 0.09 0.85 0.83 0.03 0.86 0.09 0.86 0.07 0.88 0.88 0.87 0.84 0.93 0.81 0.86 0.90 0.09 0.87 0.90 0.07 0.83 0.06 0.85 0.88 0.10 0.81 0.08 0.89 0.81 0.91 0.85 0.89 0.83
200 100
1.00 0.96 0.81 0.78 0.85 0.70 1.00 0.86 0.84 0.88 0.67 0.67 0.97 0.89 0.63 0.97 0.70 0.84 0.71 0.89 0.90 0.94 0.88 0.68 0.79 0.95 0.99 0.69 0.68 0.65 0.88 0.99 0.99 0.64 0.84 0.82 0.70 0.69 0.99 0.97 0.83 0.98 0.64 0.89 0.82 0.81 0.78 0.87 0.97 0.89 0.94 0.83 0.68 0.80 0.83 0.98 0.76 0.65 0.73 0.74 0.88 0.79 0.87 0.97 0.68 0.94 0.65 1.00 0.77 0.96 0.99 0.69 0.89 0.71 0.76 0.86 0.84 0.84 0.80 0.65 0.98 0.92 0.70 0.66 0.82 0.76 0.87 0.85 0.90 0.72 0.93 0.80 0.65 0.95 0.78 0.97 0.87 0.79 0.99 0.79 1.00 0.67 0.67 0.99 0.94 0.77 0.96 0.77 0.90 0.91 0.72 0.91 0.71 0.93 0.80 0.66 0.70 0.94 0.78 0.87 0.66 0.90 0.72 0.67 0.88 0.80 0.95 0.78 0.99 0.91 0.97 0.84 0.88 0.85 0.86 0.85 0.72 0.78 0.80 0.80 0.86 0.89 0.64 0.90 0.78 0.90 0.75 0.67 0.69 0.87 0.64 0.95 0.94 0.63 0.85 0.89 0.67 0.78 0.88 0.91 0.88 0.99 0.72 0.83 0.90 0.82 0.74 0.90 0.73 0.82 0.88 0.87 0.83 0.99 0.64 0.82 0.88 0.69 0.97 0.73 0.93 0.80 0.77 0.94 0.68 0.79 0.65 0.67 0.91 0.90 0.77 0.99 0.70 0.99 0.93 0.94 0.79 0.80 0.94 0.84
200 100
0.81 0.85 0.07 0.81 0.83 0.87 0.81 0.83 0.09 0.09 0.89 0.87 0.84 0.80 0.87 0.00 0.95 0.01 0.09 0.03 0.85 0.80 0.83 0.89 0.82 0.84 0.83 0.80 0.10 0.81 0.85 0.88 0.82 0.87 0.86 0.88 0.10 0.83 0.90 0.81 0.81 0.07 0.85 0.90 0.05 0.84 0.08 0.90 0.96 0.01 0.10 0.90 0.81 1.00 0.87 0.89 0.80 0.87 0.89 0.83 0.06 0.83 0.82 0.93 0.87 0.89 0.83 0.05 0.81 0.85 0.86 0.88 0.82 0.02 0.90 0.08 0.83 0.89 0.81 0.84 0.90 0.91 0.86 0.84 0.09 0.87 0.86 0.83 0.99 0.82 0.03 0.88 0.87 0.09 0.99 0.89 0.96 0.10 0.80 0.81 0.81 0.90 0.03 0.02 0.88 0.85 0.04 0.01 0.93 0.84 0.86 0.06 0.87 0.82 0.83 0.91 0.01 0.90 0.90 0.84 0.87 0.81 0.87 0.02 0.89 0.84 0.90 0.07 0.87 0.87 0.86 0.85 0.96 0.83 0.82 0.01 0.00 0.82 0.83 0.85 0.83 0.06 0.80 0.89 0.91 0.90 0.81 0.83 0.86 0.85 0.03 0.80 0.88 0.83 0.88 0.83 0.90 0.05 0.81 0.82 0.81 0.09 0.94 0.06 0.08 0.88 0.90 0.82 0.80 0.88 0.86 0.90 0.96 0.85 0.80 0.90 0.80 0.10 0.80 0.86 0.90 0.86 0.86 0.85 0.01 0.03 0.90 0.90 0.09 0.98 0.98 0.96 0.86 0.80 0.02 0.82 0.94 0.90 0.97 0.89
200 90
0.96 0.90 0.51 0.74 0.07 0.99 0.41 0.10 0.87 0.98 0.98 0.98 1.00 0.98 0.95 0.66 0.81 0.96 0.96 0.99 0.99 0.72 0.42 0.01 0.47 0.98 0.72 0.97 0.34 1.00 0.16 0.96 0.55 0.97 1.00 0.12 0.29 0.51 0.55 0.97 0.18 0.47 0.95 0.97 0.59 0.62 0.99 0.28 0.97 0.09 0.99 0.17 1.00 0.49 0.99 0.03 0.95 0.98 0.40 0.25 0.98 0.30 1.00 0.98 0.40 0.95 0.99 0.97 0.07 0.95 0.90 0.95 0.99 0.77 0.98 0.98 0.52 0.08 0.95 0.61 0.98 0.17 0.99 0.99 0.51 0.53 1.00 0.09 0.66 0.99 0.99 0.97 0.61 0.97 0.43 0.98 0.99 0.28 0.37 0.97 0.51 0.97 0.99 0.87 0.99 0.60 1.00 0.56 0.97 0.72 0.96 0.98 0.58 0.51 0.47 0.98 1.00 0.57 0.47 0.63 0.99 1.00 0.99 0.52 0.43 0.96 0.70 0.96 1.00 0.21 0.99 0.38 0.49 0.98 0.67 0.36 0.23 0.98 0.98 0.64 0.96 0.56 0.74 0.33 0.33 0.98 0.76 0.40 0.26 0.95 0.97 0.96 0.97 0.99 0.55 0.95 0.98 0.99 0.38 0.95 0.86 0.99 0.97 0.89 0.65 0.35 0.99 0.58 0.96 0.00 0.99 0.13 0.98 0.20 0.88 0.95 0.08 0.97 1.00 0.96 0.67 0.00 0.95 0.98 0.75 0.36 0.99 0.44 0.38 0.96 0.98 0.30 0.96 0.95 0.57 0.52 0.15 0.98 0.44 1.00
200 100
0.85 0.90 0.91 0.04 0.91 0.89 0.02 0.90 0.04 0.87 0.99 0.93 0.94 0.87 0.99 0.89 0.88 0.03 0.84 0.90 0.87 0.86 0.82 0.82 0.03 0.90 0.85 0.88 0.03 0.94 0.84 0.08 1.00 0.82 0.01 0.81 0.85 0.82 0.89 0.80 1.00 0.04 0.82 0.87 0.80 0.83 0.90 0.86 0.04 0.81 0.07 0.10 0.83 0.90 0.98 0.86 0.95 0.06 0.89 0.07 0.02 0.86 0.01 0.06 0.88 0.00 0.89 0.90 0.83 0.89 0.83 0.88 0.86 0.90 0.86 0.81 0.83 0.07 0.83 0.81 0.86 0.00 0.09 0.83 0.10 0.81 0.81 0.87 0.83 0.09 0.86 0.81 0.84 0.84 0.89 0.90 0.85 0.87 0.09 0.89 0.80 0.81 0.03 0.00 0.81 0.88 0.03 0.81 0.86 0.96 0.86 0.00 0.04 0.09 0.88 0.01 0.93 0.82 0.90 0.04 0.87 0.83 0.94 0.06 0.08 0.89 0.90 0.85 0.01 0.94 0.85 0.98 0.80 0.89 0.90 0.93 0.86 0.88 0.87 0.84 0.86 0.82 0.85 0.89 0.01 0.87 0.06 0.83 0.07 0.80 0.88 0.92 0.87 0.84 0.80 0.02 0.83 0.80 0.83 0.00 0.87 0.82 0.81 0.92 0.88 0.88 0.08 0.86 0.89 0.83 0.09 0.90 0.96 0.98 0.84 0.05 0.89 0.89 0.86 0.01 0.01 0.90 0.91 0.05 0.81 0.88 0.01 0.00 0.90 0.02 0.87 0.81 0.89 0.80 0.93 0.90 0.83 0.00 0.87 0.88
200 200
0.00 0.00 1.00 1.00 0.00 0.00 0.00 0.00 1.00 0.00 1.00 1.00 0.00 1.00 0.00 0.00 0.00 0.00 0.00 0.00 0.00 1.00 1.00 1.00 0.00 1.00 1.00 0.00 1.00 0.00 0.00 1.00 0.00 0.00 1.00 1.00 1.00 0.00 1.00 0.00 0.00 1.00 1.00 0.00 1.00 1.00 1.00 1.00 0.00 1.00 0.00 1.00 0.00 0.00 1.00 0.00 1.00 0.00 1.00 1.00 0.00 1.00 1.00 1.00 0.00 1.00 0.00 0.00 1.00 1.00 1.00 0.00 1.00 0.00 1.00 0.00 1.00 1.00 1.00 0.00 1.00 1.00 1.00 0.00 0.00 1.00 1.00 1.00 1.00 1.00 0.00 0.00 0.00 1.00 0.00 1.00 1.00 0.00 1.00 1.00 1.00 0.00 0.00 1.00 0.00 1.00 1.00 1.00 1.00 1.00 0.00 1.00 0.00 0.00 0.00 0.00 0.00 0.00 0.00 1.00 1.00 1.00 1.00 0.00 1.00 1.00 1.00 0.00 0.00 0.00 0.00 0.00 0.00 1.00 0.00 1.00 1.00 1.00 1.00 1.00 1.00 1.00 1.00 0.00 1.00 1.00 0.00 0.00 0.00 1.00 0.00 0.00 0.00 1.00 1.00 0.00 0.00 0.00 1.00 1.00 0.00 0.00 0.00 1.00 0.00 0.00 1.00 0.00 0.00 0.00 0.00 0.00 0.00 0.00 1.00 0.00 0.00 1.00 0.00 0.00 1.00 0.00 0.00 0.00 0.00 1.00 1.00 1.00 1.00 1.00 0.00 1.00 0.00 0.00 1.00 0.00 0.00 1.00 1.00 1.00
197 100
0.52 0.52 0.50 0.49 0.48 0.51 0.51 0.48 0.48 0.51 0.48 0.52 0.48 0.50 0.49 0.48 0.51 0.48 0.52 0.50 0.52 0.48 0.49 0.48 0.50 0.52 0.50 0.52 0.52 0.49 0.49 0.48 0.49 0.50 0.50 0.49 0.49 0.51 0.49 0.52 0.49 0.50 0.52 0.48 0.50 0.49 0.51 0.52 0.50 0.52 0.51 0.52 0.49 0.51 0.50 0.48 0.49 0.50 0.50 0.52 0.48 0.49 0.52 0.48 0.49 0.49 0.49 0.50 0.51 0.48 0.50 0.51 0.51 0.49 0.49 0.51 0.48 0.51 0.50 0.51 0.49 0.49 0.52 0.51 0.52 0.49 0.51 0.51 0.48 0.48 0.48 0.48 0.49 0.50 0.51 0.50 0.51 0.50 0.48 0.52 0.48 0.52 0.49 0.51 0.52 0.49 0.50 0.52 0.50 0.48 0.50 0.51 0.51 0.52 0.49 0.50 0.48 0.51 0.48 0.49 0.51 0.48 0.50 0.50 0.49 0.49 0.48 0.49 0.50 0.50 0.49 0.49 0.48 0.50 0.51 0.48 0.52 0.49 0.52 0.49 0.48 0.51 0.48 0.52 0.49 0.52 0.52 0.52 0.51 0.50 0.51 0.52 0.48 0.50 0.48 0.52 0.48 0.50 0.50 0.49 0.49 0.52 0.49 0.50 0.51 0.49 0.50 0.49 0.49 0.50 0.50 0.51 0.52 0.48 0.52 0.52 0.48 0.49 0.51 0.52 0.52 0.49 0.48 0.48 0.52 0.51 0.51 0.48 0.52 0.51 0.51 0.49 0.50 0.49 0.51 0.48 0.51
200 36
0.67 0.91 0.93 0.87 0.70 0.63 0.72 0.99 0.86 0.93 0.92 0.76 0.71 0.68 0.75 0.92 0.89 0.67 0.98 0.98 0.96 0.81 0.97 0.65 0.83 0.83 0.77 0.63 0.92 1.00 0.67 0.83 0.79 0.87 0.76 0.92 0.92 0.88 0.78 0.71 0.89 0.66 0.68 0.74 0.84 0.71 0.62 0.78 0.69 0.73 0.73 0.73 0.70 0.69 0.90 0.82 0.97 0.95 0.92 0.98 0.75 0.95 0.96 0.81 0.82 0.70 0.99 0.78 0.63 0.99 0.68 0.96 0.96 0.79 0.87 0.87 0.90 0.73 0.95 0.97 0.86 0.79 0.67 0.90 0.63 0.73 0.71 0.89 0.93 0.91 0.92 0.71 0.73 0.64 0.97 0.61 0.87 0.74 0.70 0.72 0.94 0.80 0.86 0.96 0.68 0.96 0.62 0.98 0.85 0.62 0.72 0.64 0.90 0.89 0.89 0.77 0.82 0.79 0.84 0.78 0.61 0.62 0.93 0.77 0.85 0.97 0.94 0.68 0.90 0.69 0.99 0.87 0.62 0.94 0.65 0.93 0.92 0.96 0.69 0.74 0.85 0.65 0.87 0.67 0.77 0.71 0.84 0.88 0.96 0.88 0.89 0.93 0.93 0.85 0.77 0.88 0.73 0.95 0.89 0.92 0.82 0.75 0.85 0.62 0.64 0.89 0.75 0.79 0.64 0.80 0.66 0.71 0.87 0.91 0.84 0.82 0.88 0.76 0.82 0.70 0.70 0.77 0.71 0.72 0.97 0.72 0.83 0.69 0.69 0.69 0.98 0.92 0.66 0.63 0.77 0.92 0.83 0.90 0.85 0.91
200 196
0.05 0.34 0.13 0.11 0.17 0.09 0.30 0.36 0.11 0.07 0.40 0.07 0.21 0.35 0.19 0.27 0.43 0.20 0.15 0.44 0.33 0.40 0.37 0.09 0.28 0.10 0.34 0.12 0.18 0.35 0.31 0.12 0.30 0.20 0.33 0.18 0.15 0.10 0.30 0.35 0.23 0.21 0.20 0.21 0.07 0.13 0.29 0.05 0.30 0.13 0.42 0.38 0.35 0.04 0.40 0.11 0.29 0.00 0.29 0.01 0.04 0.34 0.35 0.36 0.10 0.38 0.14 0.18 0.37 0.38 0.19 0.42 0.23 0.35 0.36 0.04 0.15 0.44 0.01 0.32 0.40 0.43 0.15 0.06 0.21 0.31 0.19 0.42 0.04 0.01 0.11 0.04 0.14 0.19 0.34 0.31 0.21 0.38 0.07 0.21 0.22 0.21 0.13 0.28 0.35 0.08 0.38 0.41 0.36 0.00 0.19 0.14 0.35 0.32 0.20 0.32 0.39 0.25 0.11 0.30 0.00 0.17 0.21 0.23 0.03 0.30 0.12 0.37 0.37 0.23 0.08 0.44 0.35 0.12 0.30 0.09 0.21 0.28 0.16 0.35 0.23 0.34 0.34 0.33 0.21 0.04 0.31 0.35 0.14 0.32 0.13 0.36 0.26 0.43 0.35 0.23 0.34 0.15 0.16 0.28 0.33 0.26 0.39 0.09 0.12 0.13 0.06 0.22 0.01 0.37 0.39 0.07 0.35 0.32 0.01 0.30 0.44 0.32 0.35 0.02 0.28 0.25 0.33 0.30 0.13 0.16 0.44 0.08 0.04 0.07 0.43 0.34 0.29 0.31 0.16 0.33 0.39 0.32 0.26 0.04
200 100
0.51 0.44 0.60 0.55 0.56 0.52 0.40 0.54 0.42 0.54 0.47 0.49 0.58 0.42 0.47 0.46 0.56 0.50 0.54 0.52 0.41 0.57 0.41 0.50 0.50 0.49 0.47 0.46 0.43 0.43 0.56 0.43 0.45 0.58 0.40 0.56 0.54 0.57 0.56 0.60 0.50 0.56 0.47 0.58 0.40 0.50 0.49 0.58 0.60 0.59 0.46 0.49 0.47 0.53 0.52 0.41 0.41 0.52 0.55 0.50 0.56 0.51 0.48 0.45 0.49 0.48 0.51 0.41 0.54 0.50 0.55 0.57 0.46 0.60 0.52 0.56 0.47 0.44 0.53 0.47 0.56 0.56 0.50 0.44 0.46 0.49 0.53 0.54 0.54 0.41 0.50 0.40 0.49 0.40 0.52 0.43 0.55 0.59 0.45 0.42 0.45 0.49 0.42 0.45 0.50 0.43 0.60 0.40 0.54 0.60 0.41 0.57 0.49 0.43 0.53 0.40 0.56 0.59 0.50 0.46 0.49 0.60 0.42 0.57 0.52 0.55 0.48 0.44 0.60 0.46 0.52 0.41 0.42 0.53 0.58 0.57 0.59 0.44 0.60 0.47 0.55 0.56 0.57 0.43 0.55 0.43 0.45 0.46 0.49 0.42 0.54 0.44 0.54 0.44 0.41 0.45 0.50 0.47 0.54 0.54 0.56 0.60 0.51 0.57 0.53 0.51 0.53 0.49 0.58 0.56 0.44 0.60 0.56 0.55 0.42 0.47 0.53 0.43 0.49 0.60 0.53 0.51 0.59 0.52 0.56 0.41 0.60 0.47 0.58 0.55 0.41 0.60 0.51 0.60 0.40 0.54 0.51 0.54 0.58 0.49
200 100
0.89 0.10 0.06 0.05 0.80 0.81 0.85 0.85 0.93 0.82 0.04 0.82 0.82 0.00 0.00 0.82 0.90 0.88 0.93 0.83 0.03 0.83 0.08 0.82 0.82 0.93 0.88 0.10 0.88 0.83 0.94 0.90 0.82 0.86 0.80 0.87 0.01 0.87 0.87 0.80 0.90 0.88 0.90 0.99 0.89 0.80 0.06 0.89 0.84 0.90 0.87 0.89 0.00 0.90 0.08 0.80 0.06 0.90 0.87 0.89 0.90 0.87 0.97 0.81 0.90 0.98 0.83 0.87 0.80 0.08 0.84 0.04 0.86 0.89 0.00 0.91 0.98 0.85 0.82 0.80 0.89 0.87 0.80 0.85 0.85 0.90 0.80 0.07 0.04 0.99 0.81 0.83 0.86 0.02 0.87 0.02 0.04 0.80 0.01 0.81 0.06 0.09 0.88 0.89 0.87 0.82 0.85 0.99 0.87 0.86 0.96 0.86 0.86 0.80 0.06 0.08 0.90 0.01 0.02 0.07 0.89 0.88 0.89 0.02 0.09 0.95 0.01 0.90 0.07 0.05 0.84 0.98 0.80 0.88 0.80 0.90 0.07 0.10 0.80 0.87 0.87 0.81 0.96 0.89 0.87 0.80 0.88 0.84 0.83 0.05 0.92 0.80 0.89 0.90 0.81 0.06 0.87 0.89 0.86 0.89 0.10 0.90 0.80 0.07 0.84 0.05 0.81 0.90 0.87 0.82 0.90 0.83 0.86 0.90 0.85 0.96 0.83 0.97 0.82 0.80 0.10 0.93 0.82 0.89 0.08 0.81 0.88 0.83 0.84 0.87 0.02 0.88 0.93 0.84 0.05 0.81 0.96 0.80 0.84 0.84
200 100
0.09 0.86 0.84 0.80 0.80 0.94 0.89 0.80 0.95 0.83 0.05 0.86 0.10 0.82 0.84 0.81 0.90 0.89 0.98 0.07 0.01 0.80 0.88 0.94 0.84 0.98 0.08 0.90 0.99 0.90 0.06 0.88 0.02 0.84 0.02 0.82 0.80 0.98 0.80 0.00 0.85 0.90 0.87 0.90 0.88 0.83 0.80 0.08 0.05 0.80 0.81 0.81 0.85 0.96 0.80 0.84 0.89 0.88 0.08 0.95 0.81 0.89 0.86 0.88 0.82 0.92 0.90 0.86 0.03 0.81 0.09 0.84 0.83 0.94 0.94 0.98 0.83 0.90 0.04 0.89 0.83 0.07 0.90 0.04 0.86 0.90 0.80 0.88 0.09 0.06 0.83 0.03 0.03 0.82 0.91 0.08 0.80 0.80 0.88 0.83 0.05 0.10 0.08 0.01 0.86 0.88 0.10 0.90 0.89 0.84 0.05 0.90 0.99 0.83 0.98 0.86 0.10 0.98 0.03 0.83 0.85 0.06 0.86 0.80 0.85 0.90 1.00 0.88 0.80 0.01 0.81 0.84 1.00 0.82 0.90 0.07 0.84 0.09 0.80 0.86 0.86 0.85 0.88 0.89 0.80 0.84 0.83 0.90 0.83 0.88 0.82 0.84 0.99 0.87 0.86 0.02 0.86 0.06 0.90 0.09 0.81 0.05 0.80 0.05 0.80 0.90 0.89 0.09 0.89 0.87 0.91 0.05 0.04 0.84 0.89 0.82 0.84 0.81 0.09 0.05 0.85 0.82 0.92 0.80 0.90 0.86 0.08 0.88 0.92 0.84 0.81 0.87 0.80 0.80 0.80 0.83 0.87 0.87 0.03 0.88
50 32
0.77 0.21 0.61 0.35 0.24 0.87 0.23 0.64 0.22 0.61 0.19 0.58 0.91 0.19 0.53 0.35 0.26 0.94 0.69 0.93 0.63 0.88 0.04 0.60 0.43 0.17 0.26 0.38 0.63 0.97 0.88 0.38 0.39 0.10 0.91 0.16 0.27 0.82 0.15 0.02 0.52 0.47 0.51 0.44 0.52 0.02 0.79 0.38 0.09 0.05
199 98
0.34 0.32 0.28 0.35 0.26 0.34 0.18 0.36 0.30 0.30 0.34 0.24 0.33 0.22 0.31 0.17 0.33 0.27 0.33 0.30 0.36 0.29 0.18 0.22 0.34 0.33 0.26 0.34 0.24 0.19 0.29 0.20 0.23 0.18 0.24 0.23 0.17 0.36 0.30 0.33 0.17 0.31 0.22 0.27 0.36 0.22 0.16 0.20 0.15 0.27 0.23 0.15 0.23 0.22 0.22 0.27 0.16 0.23 0.24 0.33 0.23 0.24 0.28 0.15 0.35 0.25 0.17 0.36 0.33 0.17 0.15 0.22 0.23 0.34 0.29 0.18 0.19 0.18 0.15 0.30 0.18 0.34 0.18 0.15 0.36 0.36 0.16 0.32 0.36 0.24 0.15 0.34 0.29 0.27 0.25 0.25 0.23 0.28 0.32 0.27 0.17 0.33 0.28 0.17 0.23 0.15 0.22 0.32 0.27 0.19 0.31 0.17 0.31 0.25 0.25 0.24 0.28 0.19 0.31 0.21 0.15 0.35 0.33 0.22 0.21 0.31 0.17 0.28 0.24 0.19 0.29 0.20 0.22 0.28 0.15 0.22 0.21 0.20 0.26 0.29 0.36 0.23 0.36 0.24 0.29 0.20 0.27 0.24 0.30 0.27 0.25 0.19 0.35 0.16 0.17 0.28 0.15 0.19 0.36 0.23 0.26 0.22 0.22 0.18 0.34 0.19 0.22 0.33 0.21 0.23 0.20 0.18 0.15 0.22 0.23 0.28 0.34 0.17 0.22 0.29 0.22 0.36 0.29 0.25 0.22 0.36 0.18 0.18 0.16 0.36 0.29 0.18 0.17 0.29 0.16 0.23 0.25 0.25 0.21
199 98
0.23 0.19 0.17 0.17 0.28 0.29 0.23 0.33 0.31 0.36 0.37 0.29 0.18 0.36 0.18 0.23 0.35 0.32 0.33 0.27 0.35 0.25 0.23 0.30 0.16 0.23 0.28 0.21 0.23 0.19 0.22 0.17 0.34 0.30 0.17 0.38 0.25 0.25 0.38 0.27 0.22 0.30 0.35 0.18 0.34 0.23 0.24 0.34 0.36 0.35 0.27 0.38 0.33 0.19 0.18 0.26 0.27 0.15 0.19 0.16 0.17 0.33 0.28 0.24 0.25 0.35 0.17 0.35 0.37 0.26 0.18 0.17 0.32 0.22 0.37 0.23 0.23 0.23 0.30 0.15 0.35 0.28 0.27 0.18 0.29 0.30 0.32 0.31 0.19 0.23 0.19 0.24 0.23 0.25 0.20 0.24 0.36 0.22 0.34 0.22 0.28 0.29 0.28 0.27 0.29 0.25 0.35 0.30 0.27 0.22 0.24 0.25 0.20 0.26 0.32 0.24 0.17 0.35 0.23 0.35 0.32 0.22 0.18 0.33 0.29 0.22 0.18 0.21 0.22 0.16 0.38 0.36 0.34 0.29 0.28 0.17 0.31 0.36 0.30 0.29 0.33 0.27 0.18 0.15 0.19 0.30 0.37 0.21 0.28 0.36 0.28 0.36 0.32 0.17 0.30 0.32 0.38 0.24 0.31 0.22 0.16 0.15 0.37 0.28 0.35 0.16 0.28 0.23 0.37 0.27 0.15 0.20 0.19 0.28 0.20 0.36 0.21 0.35 0.24 0.27 0.26 0.35 0.20 0.20 0.27 0.16 0.23 0.27 0.31 0.31 0.17 0.21 0.37 0.29 0.33 0.30 0.18 0.21 0.26
200 100
0.99 0.01 0.99 0.99 0.99 0.01 0.01 0.01 0.99 0.99 0.99 0.01 0.99 0.01 0.99 0.99 0.99 0.01 0.99 0.99 0.99 0.01 0.01 0.01 0.01 0.99 0.99 0.99 0.99 0.01 0.01 0.99 0.01 0.01 0.99 0.01 0.99 0.99 0.99 0.99 0.99 0.99 0.99 0.99 0.99 0.01 0.01 0.01 0.01 0.99 0.01 0.99 0.01 0.01 0.01 0.01 0.01 0.01 0.01 0.99 0.99 0.01 0.99 0.99 0.99 0.01 0.01 0.99 0.01 0.99 0.99 0.01 0.01 0.99 0.99 0.01 0.99 0.01 0.99 0.99 0.01 0.99 0.01 0.99 0.01 0.99 0.99 0.01 0.99 0.01 0.01 0.01 0.99 0.99 0.01 0.01 0.99 0.01 0.01 0.99 0.01 0.99 0.01 0.99 0.99 0.01 0.01 0.01 0.01 0.99 0.99 0.01 0.01 0.01 0.01 0.01 0.99 0.01 0.01 0.01 0.99 0.99 0.99 0.99 0.99 0.99 0.01 0.99 0.01 0.99 0.99 0.99 0.01 0.01 0.01 0.99 0.99 0.01 0.99 0.01 0.01 0.01 0.99 0.99 0.01 0.01 0.99 0.99 0.01 0.99 0.99 0.01 0.01 0.99 0.01 0.99 0.99 0.01 0.01 0.99 0.99 0.99 0.01 0.01 0.01 0.01 0.99 0.99 0.99 0.99 0.01 0.01 0.01 0.01 0.99 0.99 0.01 0.01 0.01 0.01 0.99 0.99 0.99 0.01 0.99 0.99 0.99 0.01 0.01 0.01 0.01 0.99 0.99 0.01 0.01 0.01 0.99 0.99 0.01 0.01
200 100
0.11 0.17 0.13 0.10 0.08 0.96 0.12 0.18 0.20 0.15 0.08 0.99 1.00 0.13 0.11 0.12 0.15 0.14 0.95 0.13 0.18 0.19 0.17 0.15 0.93 0.90 0.93 0.13 0.92 0.95 0.11 0.05 0.12 0.13 0.14 0.93 0.19 1.00 0.14 0.92 0.15 0.18 0.12 0.13 0.17 0.14 0.01 0.16 0.94 0.14 0.07 0.10 0.11 0.03 0.16 0.17 0.91 0.12 0.20 0.95 0.11 0.10 1.00 0.10 0.10 0.96 0.19 0.90 0.12 0.10 0.99 0.13 0.17 0.14 0.12 0.08 0.07 0.06 0.16 0.14 0.20 0.92 0.10 0.19 0.16 0.97 0.16 0.15 0.16 0.16 0.19 0.94 0.18 0.99 0.06 0.17 0.16 0.18 0.11 0.10 0.20 0.16 0.10 0.13 0.15 0.15 0.94 0.14 0.95 0.94 0.05 0.13 0.17 0.94 0.10 0.17 0.10 0.93 0.12 0.98 0.99 0.13 0.98 0.95 1.00 0.16 0.01 0.97 0.13 0.11 0.01 0.90 0.14 0.12 0.16 0.00 0.13 0.14 0.14 0.14 0.15 0.07 0.16 0.92 0.12 0.20 0.20 0.14 0.11 0.11 0.96 0.16 0.19 0.10 0.92 0.16 0.13 0.17 0.11 0.91 0.92 0.06 0.11 0.15 0.97 0.12 0.15 0.14 0.12 0.20 0.17 0.14 0.19 0.10 0.10 0.10 0.18 0.11 0.11 0.05 0.10 0.95 0.90 0.11 0.15 0.04 0.10 0.05 0.12 0.99 0.17 0.11 0.01 0.18 0.15 0.18 0.97 0.10 0.20 0.92
200 100
0.02 0.08 0.07 0.93 0.89 0.92 0.01 0.82 0.06 0.82 0.10 0.80 0.87 0.00 0.98 0.82 0.85 0.86 0.81 0.81 0.84 0.01 0.96 0.84 0.90 0.85 0.85 0.89 0.81 0.82 0.87 0.09 0.81 0.89 0.03 0.88 0.90 0.80 0.84 0.05 0.83 0.92 0.92 0.83 0.90 0.88 0.86 0.00 0.80 0.87 0.82 0.89 0.96 0.87 0.06 0.82 0.86 0.89 0.84 0.86 0.80 0.98 0.10 0.07 0.89 0.10 0.85 0.83 0.94 0.90 0.88 0.82 0.84 0.83 0.90 0.89 0.81 0.86 0.84 0.90 0.88 0.93 0.95 0.06 0.87 0.84 0.85 0.88 0.89 0.89 0.90 0.03 0.09 0.86 0.06 0.87 0.96 0.81 0.85 0.87 0.86 1.00 0.84 0.08 0.09 0.88 0.87 0.82 0.89 0.83 0.94 0.85 0.90 0.85 0.01 0.81 0.90 0.83 0.90 0.03 0.86 0.89 0.90 0.89 0.03 0.87 0.85 0.00 0.87 0.84 0.89 0.89 0.88 0.90 0.82 0.83 0.84 0.92 0.81 0.04 0.92 0.88 0.83 0.80 0.99 0.90 0.88 0.81 0.87 0.83 0.08 0.81 0.81 0.08 0.83 0.07 0.83 0.81 0.07 0.81 0.81 0.86 0.08 0.86 0.03 0.02 0.99 0.85 0.08 0.80 0.00 0.85 0.82 0.82 0.04 0.00 0.83 0.84 0.80 0.82 0.84 0.85 0.85 0.84 0.80 0.92 0.93 0.05 0.92 0.89 0.08 0.09 0.89 0.03 0.82 0.94 0.87 0.93 0.80 0.81
70 38
0.44 0.67 0.59 0.52 0.52 0.44 0.42 0.67 0.42 0.53 0.65 0.29 0.61 0.56 0.33 0.58 0.41 0.46 0.34 0.49 0.32 0.53 0.28 0.48 0.50 0.35 0.55 0.66 0.45 0.41 0.33 0.36 0.43 0.31 0.60 0.28 0.38 0.37 0.36 0.33 0.66 0.42 0.47 0.59 0.50 0.44 0.42 0.53 0.47 0.37 0.34 0.59 0.59 0.52 0.37 0.39 0.34 0.64 0.37 0.53 0.41 0.56 0.35 0.56 0.34 0.29 0.55 0.37 0.36 0.50
50 34
0.83 0.57 0.60 0.10 0.12 0.59 0.00 0.91 0.16 0.90 0.11 0.11 0.98 0.49 0.50 0.68 0.78 0.52 0.25 0.58 0.84 0.12 0.22 0.27 0.16 0.71 0.03 0.01 0.08 0.00 0.40 0.12 0.05 0.42 0.37 0.01 0.45 0.48 0.21 0.94 0.46 0.43 0.73 0.65 0.38 0.84 0.10 0.10 0.34 0.94
200 100
0.50 0.50 0.50 0.50 0.50 0.50 0.50 0.50 0.50 0.50 0.50 0.50 0.50 0.50 0.50 0.50 0.50 0.50 0.50 0.50 0.50 0.50 0.50 0.50 0.50 0.50 0.50 0.50 0.50 0.50 0.50 0.50 0.50 0.50 0.50 0.50 0.50 0.50 0.50 0.50 0.50 0.50 0.50 0.50 0.50 0.50 0.50 0.50 0.50 0.50 0.50 0.50 0.50 0.50 0.50 0.50 0.50 0.50 0.50 0.50 0.50 0.50 0.50 0.50 0.50 0.50 0.50 0.50 0.50 0.50 0.50 0.50 0.50 0.50 0.50 0.50 0.50 0.50 0.50 0.50 0.50 0.50 0.50 0.50 0.50 0.50 0.50 0.50 0.50 0.50 0.50 0.50 0.50 0.50 0.50 0.50 0.50 0.50 0.50 0.50 0.50 0.50 0.50 0.50 0.50 0.50 0.50 0.50 0.50 0.50 0.50 0.50 0.50 0.50 0.50 0.50 0.50 0.50 0.50 0.50 0.50 0.50 0.50 0.50 0.50 0.50 0.50 0.50 0.50 0.50 0.50 0.50 0.50 0.50 0.50 0.50 0.50 0.50 0.50 0.50 0.50 0.50 0.50 0.50 0.50 0.50 0.50 0.50 0.50 0.50 0.50 0.50 0.50 0.50 0.50 0.50 0.50 0.50 0.50 0.50 0.50 0.50 0.50 0.50 0.50 0.50 0.50 0.50 0.50 0.50 0.50 0.50 0.50 0.50 0.50 0.50 0.50 0.50 0.50 0.50 0.50 0.50 0.50 0.50 0.50 0.50 0.50 0.50 0.50 0.50 0.50 0.50 0.50 0.50 0.50 0.50 0.50 0.50 0.50 0.50
200 4
0.93 0.60 0.77 0.99 0.66 0.79 0.74 0.90 0.90 0.77 0.86 0.93 0.66 0.87 0.95 0.63 0.73 0.76 0.97 0.87 0.67 0.87 0.96 0.89 0.81 0.79 0.77 0.75 0.86 0.68 0.60 0.74 0.96 0.60 0.77 0.94 0.62 0.78 0.81 0.60 0.65 0.66 0.99 0.83 0.94 0.93 0.83 0.91 0.94 0.80 0.87 0.89 0.62 0.72 1.00 0.66 0.63 0.60 0.92 0.69 0.64 0.85 0.72 0.94 0.85 0.96 0.88 0.89 0.61 0.66 0.94 0.82 0.63 0.64 0.60 0.61 0.86 0.65 0.87 0.91 0.70 0.86 0.68 0.87 0.96 0.86 0.72 0.83 0.69 0.85 0.73 0.94 0.71 0.86 0.76 0.74 0.78 0.62 0.80 0.79 0.72 0.70 0.80 0.75 0.86 0.91 0.75 0.66 0.84 0.77 0.83 0.93 0.69 0.80 0.63 0.98 0.93 0.63 0.84 0.96 0.92 0.66 0.79 0.82 0.96 0.91 0.67 0.87 0.65 0.64 0.84 0.64 0.65 0.91 0.78 0.77 0.70 0.62 0.96 0.98 0.89 0.60 0.98 0.93 0.72 0.72 0.60 0.76 0.99 0.88 0.67 0.98 0.86 0.90 0.96 0.96 0.73 0.66 0.72 0.61 0.69 0.89 0.61 0.87 0.97 0.80 0.96 0.98 1.00 0.66 0.71 0.76 0.75 1.00 0.91 0.68 0.95 0.98 0.84 0.94 0.73 0.97 0.96 0.97 0.86 0.77 1.00 0.67 0.87 0.60 0.84 0.84 0.69 0.79 0.67 0.74 0.66 0.98 0.67 0.67
199 98
0.32 0.15 0.16 0.25 0.21 0.18 0.27 0.29 0.26 0.19 0.18 0.17 0.29 0.17 0.28 0.26 0.22 0.32 0.16 0.33 0.33 0.30 0.26 0.21 0.15 0.26 0.18 0.24 0.16 0.31 0.29 0.26 0.18 0.30 0.17 0.33 0.21 0.20 0.34 0.16 0.27 0.19 0.20 0.26 0.17 0.24 0.17 0.15 0.27 0.22 0.19 0.24 0.27 0.27 0.29 0.22 0.22 0.17 0.15 0.16 0.23 0.18 0.17 0.17 0.34 0.17 0.17 0.17 0.15 0.23 0.19 0.20 0.22 0.34 0.17 0.26 0.22 0.33 0.27 0.15 0.17 0.33 0.28 0.24 0.21 0.16 0.34 0.15 0.34 0.30 0.18 0.19 0.22 0.34 0.25 0.15 0.18 0.30 0.25 0.23 0.24 0.25 0.29 0.32 0.22 0.19 0.24 0.20 0.25 0.21 0.34 0.34 0.27 0.23 0.30 0.26 0.28 0.26 0.21 0.31 0.26 0.24 0.20 0.34 0.19 0.31 0.23 0.19 0.20 0.23 0.17 0.19 0.25 0.25 0.33 0.28 0.27 0.15 0.22 0.15 0.26 0.15 0.20 0.25 0.29 0.32 0.18 0.19 0.21 0.34 0.23 0.16 0.21 0.21 0.30 0.28 0.23 0.22 0.21 0.24 0.32 0.18 0.16 0.25 0.21 0.27 0.26 0.34 0.33 0.31 0.27 0.15 0.22 0.27 0.26 0.26 0.28 0.23 0.30 0.20 0.15 0.32 0.34 0.16 0.34 0.17 0.34 0.25 0.27 0.18 0.23 0.26 0.26 0.21 0.20 0.32 0.26 0.21 0.17
199 100
0.68 0.69 0.66 0.71 0.76 0.75 0.81 0.83 0.70 0.76 0.77 0.70 0.70 0.84 0.85 0.69 0.85 0.66 0.76 0.72 0.69 0.75 0.70 0.68 0.65 0.75 0.83 0.70 0.85 0.65 0.77 0.70 0.82 0.81 0.85 0.81 0.78 0.62 0.62 0.72 0.74 0.80 0.64 0.82 0.74 0.69 0.75 0.81 0.68 0.83 0.81 0.81 0.80 0.66 0.62 0.84 0.65 0.77 0.81 0.63 0.85 0.64 0.72 0.76 0.68 0.78 0.70 0.68 0.82 0.83 0.83 0.68 0.83 0.69 0.67 0.84 0.70 0.69 0.73 0.78 0.79 0.65 0.71 0.70 0.67 0.63 0.65 0.66 0.68 0.77 0.79 0.73 0.68 0.68 0.76 0.83 0.76 0.77 0.84 0.80 0.73 0.83 0.80 0.73 0.65 0.63 0.62 0.72 0.73 0.85 0.77 0.66 0.84 0.81 0.75 0.84 0.80 0.74 0.70 0.70 0.77 0.78 0.78 0.62 0.75 0.78 0.80 0.84 0.82 0.71 0.80 0.63 0.80 0.84 0.62 0.79 0.68 0.77 0.72 0.77 0.82 0.80 0.80 0.78 0.73 0.69 0.77 0.78 0.77 0.75 0.64 0.74 0.67 0.68 0.66 0.62 0.79 0.78 0.66 0.75 0.80 0.74 0.66 0.70 0.64 0.81 0.68 0.71 0.78 0.79 0.76 0.75 0.69 0.70 0.63 0.78 0.77 0.75 0.64 0.65 0.70 0.65 0.67 0.67 0.75 0.79 0.67 0.73 0.70 0.78 0.65 0.83 0.62 0.73 0.62 0.72 0.70 0.67 0.62
200 100
0.01 0.95 0.81 0.89 0.90 0.83 0.05 0.01 0.89 0.87 0.81 0.07 0.81 0.82 0.80 0.85 0.86 0.81 0.89 0.87 0.02 0.82 0.98 0.94 0.81 0.80 0.84 0.96 0.89 0.90 0.01 0.02 0.88 0.05 0.90 0.07 0.93 0.09 0.87 0.84 0.02 0.87 0.01 0.80 0.08 0.81 0.08 0.09 0.80 0.92 0.80 0.80 0.84 0.04 0.93 0.80 0.91 0.81 0.89 0.03 0.90 0.80 0.81 0.84 0.84 0.99 0.83 0.86 0.00 0.86 0.89 0.80 0.83 0.80 0.81 0.89 0.86 0.87 0.81 0.86 0.82 0.87 0.08 0.03 0.84 0.02 0.87 0.93 0.85 0.85 0.91 0.86 0.87 0.81 0.84 0.05 0.92 0.81 0.88 0.89 0.88 0.87 0.86 0.00 0.84 0.89 0.90 0.86 0.89 0.80 0.02 0.05 0.90 0.91 0.08 0.82 0.83 0.89 0.01 0.06 0.84 1.00 0.84 0.86 0.82 0.81 0.80 0.84 0.82 0.93 0.82 0.83 0.81 0.84 0.00 0.81 0.84 0.84 0.97 0.85 0.89 0.86 0.82 0.84 0.90 0.08 0.89 0.82 0.82 0.88 0.06 0.88 0.87 0.07 0.84 0.80 0.80 0.07 0.97 0.10 0.08 0.90 0.00 0.80 0.87 0.00 0.85 0.08 0.83 0.84 0.09 0.98 0.97 0.02 0.85 0.08 0.90 0.87 0.90 0.87 0.89 1.00 0.85 0.03 0.01 0.83 0.90 0.85 0.95 0.95 0.83 0.83 0.02 0.83 0.00 0.80 0.98 0.88 0.83 0.85
200 4
0.44 0.46 0.54 0.48 0.60 0.42 0.51 0.53 0.52 0.56 0.56 0.56 0.54 0.48 0.57 0.58 0.46 0.51 0.52 0.51 0.49 0.52 0.45 0.44 0.49 0.56 0.49 0.45 0.45 0.54 0.45 0.45 0.41 0.57 0.44 0.48 0.41 0.52 0.47 0.54 0.41 0.52 0.49 0.59 0.58 0.55 0.47 0.41 0.43 0.55 0.49 0.44 0.55 0.53 0.45 0.42 0.41 0.47 0.44 0.51 0.44 0.57 0.53 0.47 0.60 0.52 0.43 0.54 0.58 0.43 0.40 0.53 0.42 0.47 0.50 0.44 0.45 0.41 0.41 0.59 0.40 0.47 0.47 0.59 0.53 0.43 0.41 0.48 0.58 0.40 0.55 0.50 0.40 0.56 0.43 0.57 0.52 0.49 0.49 0.58 0.49 0.50 0.50 0.44 0.44 0.49 0.51 0.40 0.51 0.44 0.50 0.40 0.40 0.57 0.57 0.51 0.54 0.53 0.43 0.57 0.43 0.51 0.43 0.44 0.51 0.42 0.50 0.59 0.55 0.60 0.53 0.40 0.47 0.51 0.54 0.57 0.52 0.47 0.41 0.56 0.42 0.49 0.57 0.44 0.48 0.53 0.50 0.52 0.57 0.44 0.55 0.60 0.60 0.44 0.53 0.60 0.50 0.60 0.43 0.52 0.50 0.60 0.50 0.44 0.40 0.40 0.48 0.43 0.49 0.59 0.41 0.46 0.50 0.51 0.43 0.59 0.41 0.59 0.55 0.59 0.43 0.46 0.59 0.56 0.59 0.56 0.41 0.46 0.52 0.54 0.50 0.41 0.53 0.56 0.43 0.57 0.49 0.52 0.45 0.56
200 100
0.99 0.80 0.07 0.80 0.94 0.81 0.09 0.82 0.83 0.00 0.07 0.84 0.90 0.83 0.90 0.86 0.85 0.86 0.00 0.81 0.98 0.83 0.90 0.83 0.99 0.87 0.81 0.85 0.84 0.88 0.01 0.85 0.85 0.94 0.01 0.85 0.90 0.08 0.09 0.03 0.88 0.82 0.89 0.97 0.84 0.06 0.86 0.01 0.01 0.87 0.81 0.82 0.84 0.09 0.87 1.00 0.90 0.88 0.92 0.87 0.94 0.82 0.81 0.01 0.02 0.89 0.08 0.06 0.88 0.05 0.84 0.80 0.84 0.80 0.99 0.90 0.86 0.88 0.80 0.88 0.07 0.85 0.89 0.84 0.04 0.86 0.81 0.83 0.97 0.97 0.90 0.81 0.87 0.06 0.84 0.84 0.87 0.84 0.82 1.00 0.83 0.84 0.85 0.97 0.90 0.90 0.88 0.06 0.05 0.87 0.95 0.04 0.86 0.82 0.86 0.01 0.98 0.80 0.88 0.88 0.03 0.87 0.03 0.89 0.82 0.81 0.80 0.89 0.00 0.89 0.92 0.03 0.84 0.88 0.84 0.81 0.06 0.87 0.04 0.00 0.86 0.90 0.89 0.83 0.89 0.82 0.82 0.83 0.97 0.88 0.94 0.80 0.81 0.90 0.86 0.83 0.88 0.86 0.07 0.81 0.04 0.06 0.99 0.00 0.84 0.80 0.86 0.82 0.84 0.82 0.89 0.95 0.90 0.02 0.01 0.85 1.00 0.83 0.84 0.84 0.00 0.80 0.90 0.06 0.90 0.10 0.90 0.88 0.88 0.87 0.02 0.81 0.89 0.82 0.90 0.90 0.82 0.08 0.82 0.87
200 100
0.11 0.11 0.91 0.91 0.06 0.20 0.98 0.18 0.10 0.10 0.14 0.14 0.19 0.14 0.17 0.93 0.95 0.16 0.99 0.90 0.11 0.15 0.18 0.20 0.10 0.10 0.10 0.99 0.17 0.98 0.95 0.16 0.02 0.15 0.96 0.20 0.10 0.11 0.10 0.00 0.17 0.20 0.11 0.98 0.12 0.98 0.14 0.96 0.19 0.17 0.93 1.00 0.10 0.19 0.10 0.19 0.91 0.17 0.11 0.17 0.04 0.12 0.19 0.17 0.13 0.16 0.07 0.07 0.05 0.13 0.20 0.96 0.13 0.19 0.10 0.15 0.20 0.99 0.18 0.11 0.12 0.11 0.16 0.09 0.91 0.02 0.19 0.95 0.05 0.06 0.16 1.00 0.14 0.98 0.07 0.19 0.10 0.19 0.18 0.12 0.98 0.12 0.15 0.93 0.18 0.17 0.96 1.00 0.14 1.00 0.15 0.11 0.20 0.00 0.15 0.95 0.13 0.00 0.11 0.12 0.12 0.98 0.17 0.99 0.19 0.96 0.93 0.06 0.18 0.20 0.20 0.12 0.11 0.17 0.95 0.93 0.96 0.12 0.04 0.20 0.14 0.10 0.13 0.16 0.17 0.12 1.00 0.90 0.17 0.99 0.13 0.94 0.11 0.02 0.17 0.91 0.12 0.99 0.97 0.10 0.19 0.01 0.15 0.19 0.12 0.96 0.10 0.98 0.19 0.11 0.10 0.14 0.19 0.08 0.17 0.11 0.16 0.06 0.14 0.14 0.12 0.14 0.12 0.01 0.08 0.96 0.04 0.05 0.12 0.18 0.18 0.14 0.20 0.06 0.10 0.92 0.14 0.19 0.11 0.13
200 164
0.42 0.44 0.50 0.60 0.48 0.52 0.44 0.53 0.52 0.58 0.41 0.55 0.45 0.55 0.43 0.52 0.56 0.44 0.57 0.42 0.44 0.60 0.57 0.58 0.54 0.59 0.42 0.49 0.46 0.49 0.60 0.59 0.59 0.57 0.58 0.43 0.41 0.59 0.40 0.44 0.58 0.57 0.48 0.48 0.41 0.53 0.45 0.53 0.45 0.42 0.56 0.56 0.49 0.44 0.58 0.57 0.46 0.52 0.44 0.45 0.60 0.49 0.54 0.48 0.42 0.53 0.50 0.51 0.53 0.47 0.41 0.53 0.42 0.45 0.57 0.54 0.55 0.59 0.53 0.44 0.43 0.42 0.44 0.51 0.56 0.49 0.53 0.49 0.60 0.44 0.41 0.60 0.58 0.43 0.48 0.54 0.56 0.56 0.48 0.55 0.59 0.54 0.50 0.53 0.52 0.54 0.49 0.43 0.56 0.49 0.55 0.51 0.48 0.44 0.60 0.57 0.46 0.41 0.58 0.60 0.55 0.40 0.59 0.55 0.41 0.48 0.40 0.46 0.53 0.57 0.54 0.43 0.46 0.45 0.45 0.60 0.60 0.48 0.50 0.49 0.53 0.51 0.41 0.54 0.40 0.54 0.43 0.43 0.56 0.48 0.55 0.54 0.41 0.51 0.40 0.49 0.54 0.43 0.48 0.51 0.58 0.51 0.46 0.47 0.55 0.58 0.56 0.53 0.59 0.53 0.47 0.52 0.50 0.46 0.48 0.57 0.45 0.46 0.60 0.41 0.41 0.55 0.58 0.50 0.48 0.53 0.42 0.60 0.57 0.40 0.60 0.41 0.52 0.54 0.47 0.50 0.43 0.41 0.42 0.58
200 100
0.91 0.10 0.15 0.96 0.12 0.18 0.98 0.17 0.09 0.12 0.17 0.20 0.10 0.15 0.10 0.15 0.13 0.14 0.10 0.19 0.16 0.03 0.12 0.14 0.11 0.98 0.10 0.10 0.19 0.13 0.08 0.11 0.14 0.97 0.20 0.14 0.17 0.07 0.10 0.12 0.92 0.18 0.14 0.03 0.02 0.12 0.16 0.16 0.92 0.19 0.19 0.02 0.16 0.14 0.92 0.99 0.90 0.10 0.18 0.19 0.11 0.17 0.18 0.15 0.98 0.19 0.15 0.10 0.18 0.05 0.10 0.11 0.12 0.93 0.11 0.16 0.15 0.17 0.20 0.98 0.08 0.18 0.07 0.12 0.15 0.20 0.98 0.18 0.11 0.07 0.12 0.17 0.14 0.11 0.12 0.17 0.91 0.19 0.06 0.94 0.11 0.91 0.11 0.19 0.96 0.91 0.15 0.98 0.11 0.90 0.14 0.13 0.10 0.10 0.19 0.19 0.15 0.19 0.05 0.01 0.95 0.14 0.92 0.15 0.20 0.94 0.11 0.12 0.94 0.06 0.14 1.00 0.93 1.00 0.01 0.17 0.15 0.12 0.13 0.99 0.16 0.91 0.16 0.13 0.08 0.18 0.95 0.20 0.96 0.91 0.12 0.17 0.16 0.10 0.16 0.20 0.92 0.91 0.10 0.06 0.08 0.13 0.18 0.10 0.12 0.20 0.00 0.15 0.05 0.17 0.13 0.18 0.17 0.16 0.97 0.92 0.20 0.15 0.16 0.14 0.95 0.10 0.17 0.13 0.02 0.19 0.18 0.20 0.14 0.02 0.16 0.90 0.17 0.17 1.00 0.94 0.10 0.20 0.10 0.93
200 196
0.97 0.77 0.88 0.80 0.97 0.73 0.82 0.88 0.86 0.88 0.80 0.77 0.95 0.95 0.86 0.84 0.71 0.82 0.67 0.75 0.87 0.94 0.98 0.81 0.89 0.84 0.88 0.88 1.00 1.00 0.74 0.80 0.98 0.66 0.66 0.99 0.69 0.95 0.89 0.81 0.68 0.75 0.98 0.88 0.69 0.90 0.77 0.91 0.81 0.91 0.79 0.99 0.91 0.93 0.68 0.90 0.90 0.98 0.79 0.87 0.94 0.75 0.72 0.78 0.90 0.86 0.84 0.69 0.71 0.94 0.90 0.81 0.68 0.71 0.73 0.87 0.76 0.75 0.99 0.93 0.91 0.72 0.90 0.89 0.69 0.71 0.71 0.98 0.70 0.84 0.88 0.82 0.83 0.87 0.90 0.89 0.81 0.73 0.67 0.67 0.83 0.98 0.98 0.98 0.95 0.87 0.92 0.79 0.99 0.88 0.82 0.84 1.00 0.80 0.82 0.66 0.96 0.78 0.87 0.73 0.93 0.95 0.97 0.82 0.86 0.90 0.81 0.98 0.72 0.78 0.99 0.85 0.77 0.87 0.95 0.83 0.93 0.71 0.82 0.88 0.90 0.71 0.84 0.87 0.84 0.91 0.99 0.83 0.66 0.81 0.89 0.93 0.86 0.77 0.97 0.89 0.83 0.89 0.91 0.66 0.90 0.71 0.77 0.67 0.77 0.82 0.91 0.89 0.91 0.84 0.81 0.68 0.87 0.73 0.72 0.90 0.69 1.00 0.78 0.69 0.72 0.72 0.94 0.72 0.76 0.92 0.98 0.77 0.93 0.85 0.73 0.83 0.76 0.93 0.78 0.87 0.99 0.83 0.99 0.68
50 36
0.55 1.00 0.87 0.84 0.21 0.05 0.48 0.76 0.95 0.64 0.50 0.00 0.46 0.54 0.87 0.91 0.94 0.63 0.59 0.33 0.31 0.23 0.65 0.94 0.73 0.71 0.17 0.55 0.49 0.22 0.81 0.31 0.40 0.25 0.48 0.19 0.92 0.75 0.53 0.95 0.11 0.63 0.24 0.21 0.71 0.48 0.73 0.51 0.30 0.51
200 100
0.91 0.13 0.92 0.95 0.09 0.13 0.12 0.17 0.20 0.10 0.05 0.18 0.91 0.99 0.03 0.20 0.97 0.18 0.98 0.15 0.05 0.17 0.14 0.16 0.10 0.14 0.10 0.17 0.19 0.14 0.08 0.92 0.16 0.10 0.18 0.10 0.08 0.96 0.13 0.16 0.18 0.14 0.96 0.20 0.20 0.18 0.15 1.00 0.10 0.14 0.94 0.13 0.12 0.15 0.14 0.15 0.01 0.10 0.98 0.15 0.94 0.12 0.00 0.01 0.15 0.11 0.18 0.93 0.03 0.13 0.20 0.92 0.97 0.13 0.20 0.07 0.91 0.03 0.17 0.12 1.00 0.15 0.10 0.99 0.16 1.00 1.00 0.11 0.15 0.11 0.14 0.11 0.15 0.15 0.17 0.13 0.16 0.19 0.93 0.95 0.12 0.20 0.14 0.92 0.13 0.17 0.17 0.11 0.10 0.11 0.17 0.12 0.16 0.12 0.13 0.00 0.17 0.19 0.94 0.98 0.18 0.20 0.10 0.10 0.10 0.15 0.91 0.97 0.17 1.00 0.15 0.11 0.16 0.10 0.14 0.16 0.02 0.96 0.09 0.15 0.20 0.10 0.15 0.15 0.03 0.96 0.11 0.20 0.13 0.92 0.10 0.13 0.13 0.17 0.11 0.17 0.17 0.93 0.15 1.00 0.15 0.94 0.11 0.95 0.19 0.12 0.11 0.13 0.18 0.20 0.94 0.14 0.01 0.20 0.00 0.20 0.20 0.11 0.14 0.13 0.06 0.98 1.00 0.18 0.91 0.18 0.18 0.14 0.98 0.06 0.16 0.02 0.96 0.97 0.00 0.10 0.01 0.10 0.20 0.10
2 2
0.10 0.10
200 200
1.00 1.00 0.00 0.00 1.00 0.00 0.00 1.00 1.00 0.00 0.00 1.00 0.00 1.00 0.00 1.00 1.00 0.00 1.00 1.00 0.00 1.00 0.00 0.00 0.50 0.00 1.00 1.00 1.00 0.00 0.00 1.00 0.00 0.00 1.00 1.00 0.00 0.00 1.00 1.00 1.00 0.00 1.00 1.00 1.00 0.00 1.00 1.00 0.00 0.00 0.00 1.00 0.00 0.00 1.00 0.00 1.00 1.00 1.00 1.00 1.00 1.00 1.00 1.00 1.00 0.00 1.00 1.00 0.00 0.00 1.00 1.00 1.00 1.00 1.00 1.00 0.00 0.00 0.00 0.00 0.00 1.00 0.00 0.00 0.00 0.00 1.00 1.00 1.00 1.00 1.00 0.00 0.00 1.00 0.00 1.00 0.00 1.00 1.00 1.00 0.00 1.00 1.00 0.00 1.00 1.00 0.00 1.00 0.00 1.00 1.00 0.00 0.00 1.00 0.00 0.00 1.00 0.50 1.00 1.00 1.00 0.00 0.00 0.00 1.00 0.00 0.00 0.00 0.00 1.00 1.00 0.00 0.00 0.00 1.00 1.00 0.00 1.00 1.00 0.00 1.00 1.00 0.00 1.00 1.00 0.00 0.00 0.00 1.00 1.00 0.00 0.00 0.00 0.00 1.00 1.00 0.00 1.00 0.00 1.00 0.00 1.00 0.00 0.00 1.00 0.00 0.00 0.00 0.00 0.00 1.00 1.00 0.00 0.00 1.00 0.00 0.00 1.00 0.00 1.00 1.00 1.00 1.00 0.00 0.00 0.00 0.00 0.00 1.00 0.00 0.00 0.00 1.00 1.00 0.00 0.00 1.00 0.00 0.00 0.00
50 38
0.81 0.28 0.55 0.04 0.12 0.07 0.08 0.52 0.82 0.81 0.04 0.07 0.61 0.50 0.70 0.80 0.61 0.20 0.18 0.53 0.71 0.52 0.37 0.10 0.27 0.00 0.50 0.51 0.12 0.68 0.80 0.45 0.07 0.22 0.11 0.53 0.88 0.83 0.74 0.41 0.26 0.72 0.82 0.89 0.38 0.72 0.74 0.59 0.09 0.93
200 100
0.19 0.10 0.20 0.96 0.19 0.17 0.03 0.10 0.96 0.13 0.06 0.16 0.10 0.19 0.09 0.13 0.13 0.09 0.20 0.97 0.19 0.18 0.15 0.18 0.15 0.01 0.13 0.17 0.14 0.14 0.13 0.18 0.13 0.06 0.11 0.15 0.13 0.13 0.14 0.92 0.12 0.15 0.10 0.91 0.92 0.03 0.11 0.95 0.18 0.91 0.98 0.14 0.17 0.08 0.12 0.15 0.00 0.14 0.11 0.16 0.10 0.91 0.15 0.13 0.12 0.12 0.14 0.14 0.15 0.20 0.11 0.10 0.16 0.11 0.20 0.96 0.18 0.16 0.01 0.98 0.20 0.03 0.17 0.95 0.96 0.90 0.91 0.12 0.01 0.00 0.99 0.06 0.14 0.12 0.14 0.91 0.20 0.13 0.90 0.12 0.98 0.13 1.00 0.17 0.18 0.11 0.97 0.13 0.11 0.16 0.10 0.15 0.20 0.98 0.17 0.12 0.19 0.91 0.00 0.97 0.15 0.13 0.18 0.10 0.20 0.99 0.13 0.93 0.16 0.19 0.16 0.18 0.12 0.14 0.12 0.17 0.08 0.14 0.17 0.13 0.11 0.20 0.12 0.12 0.12 0.92 0.20 0.13 0.14 0.91 0.98 0.12 0.16 0.12 0.05 0.17 0.11 0.13 0.13 0.11 0.94 0.95 0.12 0.12 0.03 0.94 0.11 0.94 0.16 0.19 0.96 0.08 0.15 0.10 0.12 0.00 0.00 0.06 0.01 0.15 0.92 0.94 0.15 1.00 0.15 0.11 0.18 0.95 0.18 0.94 0.11 0.15 0.17 0.91 0.18 0.98 0.11 0.17 0.92 0.08
50 24
0.39 0.61 0.16 0.95 0.58 0.56 0.32 0.29 0.74 0.54 0.47 0.72 0.84 0.60 0.11 0.85 0.16 0.73 0.16 0.42 0.22 0.05 0.51 0.21 0.55 0.04 0.38 0.66 0.56 0.32 0.75 0.70 0.44 0.12 0.75 0.64 0.68 0.72 0.53 0.38 0.67 0.29 0.97 0.03 0.48 0.32 0.88 1.00 0.72 0.12
50 28
0.98 0.42 0.61 0.32 0.47 0.33 0.60 0.22 0.09 0.68 0.26 0.00 0.59 0.61 0.36 0.07 0.95 0.80 0.94 0.71 0.16 0.56 0.82 0.22 0.94 0.50 0.68 0.88 0.80 0.25 0.22 0.40 0.53 0.10 0.87 0.58 0.81 0.39 0.07 0.25 0.37 0.08 0.88 0.71 0.75 0.42 0.28 0.99 0.43 0.47
200 164
0.69 0.97 0.83 0.86 0.84 0.86 0.81 0.70 0.83 0.82 0.65 0.90 0.91 0.72 0.74 0.97 0.97 0.71 0.88 0.80 0.71 0.69 0.69 0.67 0.95 0.72 0.95 0.83 0.75 0.71 0.71 0.78 0.93 0.77 0.88 0.76 0.88 0.74 0.81 0.66 0.97 0.73 0.83 0.88 0.68 0.65 0.72 0.69 0.98 0.88 0.96 1.00 0.75 0.95 0.67 0.84 0.66 0.96 0.65 0.87 0.96 0.90 0.95 0.73 0.78 0.67 0.90 0.92 0.79 0.89 0.88 0.85 0.67 0.80 0.96 0.97 0.91 0.92 0.89 0.97 0.97 0.91 0.98 0.96 0.95 0.68 0.80 0.99 0.70 0.98 0.89 0.67 0.85 0.84 1.00 0.74 0.90 0.83 0.73 0.92 0.70 0.94 0.82 0.77 0.66 0.88 0.98 0.81 0.85 0.67 0.79 0.82 0.78 0.72 0.94 0.83 0.81 0.72 0.96 0.96 0.84 1.00 0.74 0.78 0.99 0.80 0.97 0.79 0.66 0.68 0.88 0.91 0.80 0.89 0.97 0.82 0.86 0.98 0.66 0.92 1.00 0.99 0.94 0.71 0.93 0.70 0.94 0.88 0.83 0.89 0.90 0.66 0.92 0.81 0.77 0.79 0.75 0.92 0.74 0.81 0.99 0.93 0.79 0.70 0.70 0.77 0.66 0.66 0.88 0.89 0.90 0.98 0.97 0.86 0.80 0.80 0.97 0.82 0.65 0.70 0.66 0.96 0.91 0.77 0.87 0.73 0.66 0.74 0.89 0.75 0.73 0.72 0.89 0.84 0.89 0.95 0.91 0.85 0.80 1.00
200 110
0.34 0.30 0.00 0.11 0.05 0.26 0.97 0.50 0.05 0.02 0.25 0.49 0.01 0.90 0.94 0.05 0.66 0.02 0.25 0.00 0.46 0.04 0.05 0.13 0.04 0.79 0.05 0.00 0.57 0.84 0.03 0.03 0.80 0.01 0.04 0.02 0.61 0.04 0.03 0.37 0.34 0.16 0.69 0.02 0.74 0.00 0.00 0.42 0.47 0.02 0.03 0.78 0.27 0.59 0.04 0.01 0.03 0.57 0.95 0.20 0.28 0.05 0.78 0.77 0.74 0.03 0.02 0.89 0.32 0.00 0.00 0.04 0.16 0.59 0.01 0.02 0.49 0.21 0.84 0.21 0.02 0.41 0.02 0.00 0.48 0.65 0.01 0.98 0.05 0.01 0.03 0.01 0.03 0.02 0.51 0.54 0.44 0.87 0.00 0.41 0.02 0.04 0.00 0.05 0.72 0.35 0.24 0.01 0.90 0.76 0.50 0.00 0.72 0.05 0.04 0.05 0.80 0.01 0.83 0.03 0.02 0.76 0.03 0.05 0.02 0.35 0.27 0.02 0.48 0.72 0.57 0.00 0.05 0.15 0.04 0.78 0.01 0.01 0.61 0.05 0.04 0.03 0.35 0.33 0.01 0.53 0.03 0.03 0.01 0.71 0.02 0.73 0.02 0.76 0.04 0.13 0.01 0.02 0.05 0.87 0.02 0.05 0.43 0.27 0.03 0.49 0.22 0.80 0.75 0.45 0.23 0.03 0.91 0.13 0.05 0.03 0.68 0.01 0.05 0.29 0.05 0.04 0.96 0.03 0.41 0.24 0.03 0.79 0.05 0.02 0.55 0.05 0.00 0.04 0.04 0.15 0.98 0.60 0.05 0.16
200 132
0.28 0.63 0.44 0.57 0.74 0.06 0.71 0.23 0.86 0.77 0.04 0.38 0.45 0.51 0.57 0.12 0.31 0.69 0.55 0.34 0.15 0.61 0.20 0.11 0.18 0.19 0.24 0.71 0.58 0.46 0.39 0.43 0.60 0.67 0.56 0.73 0.71 0.10 0.84 0.38 0.54 0.50 0.83 0.52 0.51 0.48 0.78 0.47 0.30 0.35 0.47 0.47 0.59 0.59 0.47 0.42 0.31 0.59 0.27 0.45 0.90 0.31 0.58 0.59 0.06 0.06 0.52 0.89 0.53 0.87 0.75 0.84 0.07 0.48 0.21 0.04 0.63 0.69 0.33 0.88 0.09 0.80 0.44 0.31 0.46 0.72 0.64 0.91 0.78 0.58 0.32 0.01 0.89 0.21 0.19 0.53 0.81 0.21 0.43 0.11 0.78 0.64 0.41 0.43 0.80 0.74 0.75 0.70 0.56 0.65 0.89 0.07 0.58 0.66 0.40 0.68 0.03 0.60 0.81 0.74 0.81 0.76 0.61 0.84 0.66 0.28 0.00 0.24 0.37 0.68 0.00 0.58 0.76 0.82 0.35 0.48 0.07 0.20 0.42 0.74 0.43 0.62 0.24 0.00 0.66 0.69 0.11 0.21 0.56 0.40 0.12 0.07 0.90 0.63 0.60 0.33 0.08 0.79 0.75 0.55 0.05 0.49 0.10 0.33 0.17 0.68 0.76 0.82 0.77 0.35 0.76 0.49 0.08 0.69 0.90 0.43 0.19 0.13 0.25 0.62 0.74 0.07 0.21 0.26 0.60 0.65 0.87 0.39 0.00 0.27 0.58 0.42 0.41 0.56 0.48 0.07 0.39 0.20 0.31 0.79
200 110
0.32 1.00 0.59 1.00 0.64 0.87 0.99 0.97 0.71 0.98 0.00 0.90 0.99 0.24 0.48 0.41 0.57 1.00 1.00 0.99 0.98 0.96 0.96 1.00 0.96 0.42 0.85 0.64 0.74 0.97 0.51 0.96 0.74 0.95 0.22 0.97 0.38 0.78 0.99 0.85 0.05 0.95 0.96 0.99 0.98 0.97 0.97 1.00 0.95 0.03 0.61 0.99 0.96 0.96 0.52 0.83 0.62 0.98 0.18 0.96 0.98 0.95 0.69 0.21 0.96 0.70 0.68 0.63 0.97 0.96 0.99 0.18 0.96 0.26 0.96 0.99 0.09 0.09 0.99 0.18 0.97 0.85 0.98 0.08 0.99 0.41 0.08 1.00 0.03 0.62 0.63 0.55 0.98 0.99 1.00 0.68 0.60 0.86 0.84 0.10 0.98 0.95 0.99 0.79 0.23 0.96 0.42 0.98 0.90 0.37 0.31 0.98 0.97 0.98 0.28 0.01 0.97 0.57 0.99 0.97 0.86 0.01 1.00 0.01 0.97 0.96 0.41 0.97 0.30 0.97 0.96 0.98 0.79 0.98 0.96 0.96 0.89 0.72 0.97 1.00 1.00 0.47 0.09 1.00 0.28 1.00 0.99 0.97 0.74 0.20 1.00 0.04 0.23 0.65 0.25 0.99 1.00 0.95 0.80 0.98 0.96 0.04 0.64 0.27 0.97 0.44 0.71 0.10 0.97 1.00 0.74 0.97 0.99 0.71 0.04 0.52 0.96 0.10 0.97 0.47 0.43 0.38 0.96 0.95 0.65 0.40 1.00 0.61 0.84 0.89 0.97 0.52 0.15 0.97 0.99 0.95 0.97 0.59 0.95 0.97
200 100
0.36 0.39 0.08 0.45 0.71 0.91 0.17 0.03 0.09 0.80 0.01 0.21 0.35 0.53 0.65 0.45 0.15 0.71 0.38 0.75 0.45 0.14 0.63 0.55 0.45 0.74 0.57 0.71 0.27 0.05 0.69 0.43 0.05 0.87 0.07 0.21 0.04 0.20 0.28 0.81 0.15 0.09 0.28 0.89 0.42 0.51 0.42 0.55 0.36 0.70 0.78 0.31 0.79 0.86 0.82 0.75 0.07 0.69 0.10 0.81 0.08 0.61 0.67 0.53 0.35 0.83 0.21 0.66 0.27 0.37 0.14 0.16 0.28 0.43 0.78 0.39 0.55 0.62 0.71 0.77 0.19 0.07 0.44 0.13 0.14 0.61 0.25 0.89 0.33 0.43 0.86 0.53 0.79 0.39 0.45 0.80 0.67 0.31 0.75 0.35 0.32 0.44 0.45 0.35 0.83 0.87 0.25 0.31 0.89 0.26 0.78 0.63 0.18 0.70 0.14 0.85 0.41 0.85 0.06 0.75 0.25 0.87 0.89 0.67 0.89 0.30 0.63 0.43 0.57 0.78 0.70 0.85 0.75 0.20 0.87 0.27 0.82 0.19 0.52 0.14 0.66 0.42 0.26 0.36 0.57 0.14 0.08 0.69 0.56 0.81 0.14 0.00 0.58 0.42 0.17 0.17 0.52 0.73 0.58 0.03 0.89 0.49 0.19 0.60 0.69 0.35 0.04 0.48 0.13 0.21 0.65 0.72 0.76 0.48 0.17 0.61 0.81 0.54 0.18 0.51 0.34 0.76 0.59 0.04 0.30 0.17 0.82 0.55 0.36 0.86 0.24 0.37 0.19 0.51 0.49 0.22 0.24 0.52 0.85 0.38
200 36
0.68 0.85 0.33 0.09 0.34 0.44 0.74 0.06 0.56 0.11 0.50 0.18 0.48 0.24 0.36 0.16 0.44 0.91 0.81 0.70 0.23 0.59 0.76 0.34 0.92 0.48 0.90 0.37 0.56 0.51 0.58 0.80 0.43 0.10 0.01 0.69 0.74 0.39 0.38 0.01 0.21 0.31 0.09 0.42 0.52 0.21 0.77 0.11 0.66 0.50 0.93 0.93 0.13 0.04 0.34 0.03 0.09 0.91 0.40 0.20 0.45 0.81 0.82 0.58 0.49 0.10 0.34 0.47 0.20 0.90 0.84 0.80 0.37 0.82 0.50 0.27 0.42 0.85 0.18 0.51 0.56 0.20 0.13 0.72 0.53 0.73 0.77 0.39 0.65 0.53 0.22 0.47 0.92 0.06 0.22 0.72 0.33 0.90 0.29 0.44 0.52 0.61 0.07 0.51 0.37 0.75 0.21 0.03 0.83 0.49 0.09 0.42 0.52 0.16 0.80 0.75 0.39 0.22 0.91 0.66 0.73 0.33 0.11 0.20 0.38 0.03 0.18 0.63 0.04 0.54 0.02 0.01 0.91 0.66 0.01 0.29 0.33 0.79 0.23 0.10 0.80 0.85 0.59 0.71 0.91 0.42 0.60 0.09 0.65 0.74 0.63 0.16 0.74 0.12 0.74 0.91 0.68 0.03 0.87 0.21 0.79 0.28 0.03 0.92 0.84 0.12 0.65 0.80 0.59 0.22 0.31 0.31 0.79 0.69 0.52 0.10 0.81 0.48 0.82 0.94 0.89 0.44 0.55 0.43 0.05 0.47 0.61 0.27 0.63 0.11 0.33 0.11 0.62 0.78 0.66 0.83 0.92 0.06 0.29 0.12
199 98
0.21 0.22 0.24 0.26 0.24 0.24 0.22 0.29 0.27 0.30 0.29 0.18 0.28 0.21 0.23 0.28 0.19 0.18 0.29 0.27 0.22 0.15 0.21 0.20 0.26 0.23 0.28 0.17 0.23 0.23 0.27 0.29 0.17 0.22 0.25 0.23 0.17 0.21 0.30 0.21 0.29 0.20 0.25 0.27 0.26 0.29 0.26 0.16 0.26 0.16 0.17 0.17 0.17 0.18 0.15 0.22 0.18 0.16 0.19 0.25 0.20 0.19 0.18 0.24 0.15 0.17 0.19 0.27 0.24 0.27 0.21 0.20 0.17 0.17 0.24 0.25 0.22 0.27 0.27 0.16 0.18 0.25 0.16 0.18 0.18 0.15 0.24 0.28 0.29 0.18 0.21 0.26 0.15 0.28 0.20 0.30 0.28 0.15 0.23 0.22 0.26 0.21 0.19 0.16 0.16 0.18 0.30 0.29 0.30 0.16 0.29 0.24 0.28 0.30 0.25 0.30 0.29 0.28 0.23 0.26 0.25 0.26 0.29 0.23 0.29 0.20 0.18 0.27 0.25 0.16 0.24 0.27 0.19 0.30 0.23 0.21 0.15 0.17 0.28 0.23 0.23 0.28 0.30 0.27 0.16 0.20 0.16 0.28 0.24 0.16 0.22 0.22 0.16 0.18 0.21 0.19 0.24 0.30 0.27 0.22 0.17 0.26 0.21 0.21 0.27 0.17 0.23 0.16 0.16 0.29 0.15 0.22 0.17 0.29 0.30 0.21 0.21 0.27 0.24 0.23 0.20 0.22 0.16 0.25 0.20 0.27 0.30 0.22 0.30 0.23 0.22 0.26 0.29 0.24 0.30 0.25 0.23 0.17 0.26
50 36
0.21 0.02 0.17 0.55 0.23 0.11 0.49 0.14 0.28 0.21 0.30 0.50 0.13 0.30 0.40 0.47 0.42 0.37 0.56 0.79 0.59 0.06 0.89 0.35 0.77 0.65 0.50 0.22 0.67 0.50 0.18 0.13 0.24 0.67 0.10 0.58 0.58 0.88 0.91 0.90 0.41 0.35 0.03 0.41 0.99 0.29 0.71 0.30 0.34 0.90
200 4
0.29 0.43 0.33 0.26 0.42 0.89 0.36 0.41 0.37 0.21 0.94 0.84 0.88 0.59 0.74 0.56 0.96 0.96 0.50 0.35 0.37 0.75 0.57 0.69 0.58 0.39 0.30 0.55 0.49 0.76 0.23 0.26 0.44 0.34 0.51 0.61 0.92 0.38 0.38 0.23 0.91 0.20 0.73 0.81 0.66 0.24 0.64 0.47 0.40 0.24 0.95 0.82 0.37 0.46 0.64 0.48 0.42 0.93 0.21 0.60 0.75 0.34 0.68 0.87 0.28 0.59 0.79 0.53 0.76 0.96 0.77 0.66 0.76 0.76 0.60 0.90 0.97 0.26 0.21 0.27 0.51 0.84 0.49 0.77 0.55 0.87 0.50 0.45 0.32 0.26 0.33 0.45 0.39 0.75 0.83 0.25 0.45 0.93 0.39 0.96 0.29 0.23 0.48 0.81 0.31 0.88 0.23 0.88 0.44 0.49 0.91 0.66 0.46 0.49 0.29 0.36 0.66 0.78 0.42 0.86 0.64 0.83 0.90 0.53 0.83 0.72 0.77 0.43 0.33 0.39 0.33 0.54 0.76 0.69 0.53 0.47 0.25 0.44 0.67 0.99 0.86 0.74 0.94 0.92 0.83 0.44 0.85 0.34 0.38 0.90 0.88 0.69 0.93 0.60 0.71 0.47 0.63 0.50 1.00 0.64 0.73 0.96 0.34 0.57 0.99 0.79 0.27 0.55 0.78 0.67 0.89 0.93 0.70 0.56 0.23 0.23 0.73 1.00 0.71 0.87 0.36 0.75 0.47 0.92 0.47 0.50 0.56 0.62 0.62 0.20 0.86 0.98 0.24 0.51 0.59 0.58 0.72 0.25 0.37 0.82
200 200
0.95 0.85 0.86 0.49 0.47 0.29 0.25 0.12 0.14 0.53 0.15 0.19 0.61 0.38 0.66 0.84 0.41 0.52 0.17 0.67 0.26 0.91 0.95 0.56 0.71 0.30 0.61 0.58 0.46 0.93 0.45 0.84 0.92 0.80 0.50 0.16 0.98 0.92 0.04 0.37 0.59 0.33 0.90 0.08 0.54 0.77 0.55 0.11 0.49 0.76 0.69 0.10 0.05 0.66 0.13 0.77 0.43 0.82 0.46 0.30 0.43 0.37 0.58 0.67 0.27 0.17 0.65 0.03 0.97 0.35 0.87 0.73 0.48 0.06 0.39 0.62 0.68 0.33 0.93 0.21 0.88 0.13 0.54 0.65 0.42 0.10 0.63 0.23 0.40 0.22 0.97 0.57 0.94 0.29 0.89 0.90 0.70 0.69 0.20 0.36 0.32 0.14 0.21 0.60 0.44 0.89 0.06 0.24 0.09 0.56 0.42 0.60 0.41 1.00 0.63 0.51 0.23 0.87 0.74 0.18 0.34 0.24 0.48 0.02 0.72 0.80 0.31 0.78 0.53 0.31 0.76 0.34 0.12 0.08 0.22 0.18 0.01 0.39 0.91 0.99 0.36 0.81 0.96 0.00 0.07 0.71 0.82 0.19 0.79 0.20 0.62 0.04 0.28 0.50 0.83 0.52 0.55 0.64 0.01 0.75 0.32 0.28 0.40 0.64 0.35 0.11 0.79 0.07 0.57 0.45 0.15 0.09 0.16 0.81 0.86 0.03 0.83 0.26 0.78 0.73 0.05 0.72 0.99 0.27 0.75 0.70 0.51 0.38 0.25 0.44 0.96 0.68 0.85 0.02 0.74 0.88 0.59 0.98 0.47 0.94
199 100
0.81 0.67 0.79 0.72 0.77 0.67 0.74 0.81 0.66 0.82 0.77 0.70 0.85 0.69 0.70 0.70 0.81 0.73 0.79 0.75 0.76 0.78 0.81 0.70 0.82 0.77 0.85 0.77 0.80 0.80 0.84 0.79 0.66 0.66 0.77 0.81 0.71 0.74 0.81 0.80 0.82 0.83 0.79 0.74 0.72 0.73 0.84 0.75 0.71 0.81 0.73 0.74 0.80 0.75 0.70 0.78 0.72 0.73 0.69 0.79 0.72 0.84 0.78 0.82 0.72 0.76 0.70 0.75 0.77 0.70 0.68 0.74 0.75 0.70 0.72 0.84 0.81 0.79 0.73 0.74 0.68 0.85 0.73 0.75 0.74 0.84 0.71 0.71 0.79 0.72 0.66 0.67 0.77 0.73 0.76 0.74 0.80 0.83 0.76 0.67 0.81 0.81 0.77 0.78 0.82 0.67 0.68 0.81 0.69 0.79 0.67 0.81 0.78 0.82 0.68 0.79 0.77 0.81 0.68 0.83 0.69 0.77 0.74 0.85 0.79 0.84 0.71 0.72 0.67 0.73 0.66 0.70 0.77 0.73 0.66 0.68 0.76 0.79 0.70 0.73 0.76 0.66 0.70 0.67 0.67 0.79 0.73 0.70 0.74 0.77 0.80 0.83 0.82 0.81 0.72 0.68 0.68 0.67 0.79 0.77 0.84 0.84 0.70 0.69 0.71 0.68 0.74 0.80 0.73 0.73 0.85 0.72 0.74 0.79 0.73 0.78 0.67 0.74 0.73 0.74 0.68 0.76 0.75 0.67 0.85 0.79 0.76 0.78 0.81 0.81 0.68 0.84 0.79 0.77 0.68 0.80 0.74 0.80 0.71
200 100
0.20 0.97 0.12 0.05 0.20 0.14 0.14 0.17 0.05 0.94 0.10 0.14 0.17 0.19 0.19 0.99 0.04 0.16 0.10 0.16 0.16 0.20 0.90 0.00 0.14 0.20 0.14 0.14 0.20 0.14 0.10 0.13 0.10 0.11 0.10 0.97 0.16 0.13 0.11 0.94 0.12 0.10 0.19 0.15 0.92 0.17 0.18 0.10 0.95 0.92 0.11 0.92 0.16 0.12 0.95 0.92 0.92 0.10 0.91 0.20 0.16 0.20 0.16 0.15 0.11 0.20 0.94 0.12 0.95 0.19 0.17 0.92 0.11 0.03 0.13 0.19 0.01 0.91 0.19 0.97 0.18 0.20 0.10 0.97 0.11 0.18 0.17 0.16 0.91 0.10 0.18 0.04 0.15 0.11 0.19 0.11 0.20 0.17 0.11 0.15 0.11 1.00 0.12 0.10 0.13 0.19 0.14 0.95 0.10 0.14 0.15 0.16 0.20 0.19 0.19 0.95 0.11 0.91 0.15 0.15 0.18 0.14 0.16 0.19 0.15 0.96 0.18 0.14 0.99 0.14 0.17 0.13 0.12 0.19 0.16 0.10 0.12 0.18 0.03 0.12 0.18 0.10 0.94 0.00 0.12 0.90 0.05 0.05 0.14 0.94 0.13 0.13 0.19 0.11 0.05 0.96 1.00 0.19 0.08 0.11 0.15 0.12 0.17 0.17 0.07 0.94 0.91 0.11 0.11 0.20 0.17 0.96 0.98 0.96 0.17 0.06 0.16 0.12 0.01 0.11 0.16 0.13 1.00 0.16 0.12 0.92 0.05 0.14 0.20 0.17 0.17 0.01 0.14 0.11 0.00 0.10 0.11 0.95 0.12 0.90
199 98
0.30 0.30 0.27 0.15 0.19 0.27 0.24 0.32 0.26 0.23 0.22 0.15 0.15 0.17 0.20 0.15 0.29 0.31 0.25 0.26 0.30 0.19 0.19 0.24 0.16 0.27 0.23 0.16 0.28 0.24 0.23 0.17 0.24 0.17 0.29 0.24 0.26 0.20 0.29 0.25 0.19 0.19 0.19 0.19 0.18 0.17 0.32 0.19 0.30 0.21 0.31 0.18 0.25 0.17 0.24 0.32 0.21 0.20 0.32 0.24 0.23 0.17 0.31 0.21 0.32 0.26 0.20 0.18 0.22 0.22 0.18 0.29 0.27 0.21 0.16 0.28 0.24 0.24 0.31 0.29 0.22 0.22 0.23 0.21 0.27 0.31 0.28 0.19 0.30 0.29 0.22 0.18 0.29 0.19 0.29 0.30 0.22 0.16 0.23 0.26 0.29 0.28 0.23 0.32 0.21 0.20 0.20 0.21 0.20 0.32 0.26 0.17 0.32 0.17 0.18 0.17 0.28 0.23 0.31 0.30 0.28 0.29 0.19 0.18 0.26 0.30 0.23 0.27 0.29 0.19 0.32 0.22 0.32 0.23 0.16 0.24 0.32 0.19 0.26 0.16 0.21 0.27 0.23 0.20 0.30 0.31 0.22 0.17 0.27 0.29 0.30 0.32 0.15 0.24 0.31 0.23 0.30 0.21 0.15 0.16 0.24 0.17 0.20 0.25 0.26 0.18 0.20 0.31 0.21 0.21 0.17 0.20 0.20 0.16 0.19 0.32 0.31 0.31 0.22 0.32 0.17 0.19 0.27 0.32 0.18 0.30 0.31 0.17 0.29 0.30 0.26 0.17 0.16 0.32 0.20 0.24 0.28 0.30 0.18
200 200
0.00 1.00 0.00 1.00 0.00 0.00 0.00 1.00 1.00 0.00 0.00 1.00 1.00 0.00 0.00 0.00 1.00 0.00 0.00 1.00 1.00 1.00 1.00 1.00 1.00 0.00 0.00 0.00 1.00 0.00 0.00 0.00 0.00 0.00 0.00 1.00 0.00 0.00 1.00 0.00 1.00 0.00 0.00 1.00 1.00 1.00 1.00 1.00 1.00 1.00 1.00 1.00 1.00 0.00 0.00 0.00 0.00 1.00 0.00 0.00 0.00 0.00 0.00 0.00 0.00 1.00 1.00 0.00 0.00 1.00 1.00 0.00 0.00 0.00 1.00 0.00 1.00 0.00 1.00 1.00 1.00 1.00 1.00 0.00 1.00 0.00 0.00 0.00 0.00 0.00 0.00 0.00 1.00 0.00 0.00 1.00 1.00 0.00 1.00 1.00 0.00 1.00 0.00 0.00 1.00 1.00 0.00 0.00 0.00 0.00 0.00 1.00 0.00 1.00 0.00 0.00 1.00 0.00 1.00 0.00 0.00 1.00 0.00 1.00 1.00 0.00 1.00 1.00 0.00 0.00 1.00 1.00 0.00 0.00 1.00 1.00 0.00 0.00 0.00 0.00 0.00 1.00 0.00 1.00 1.00 0.00 0.00 1.00 1.00 1.00 1.00 1.00 1.00 1.00 0.00 1.00 1.00 0.00 0.00 0.00 1.00 1.00 1.00 0.00 1.00 1.00 0.00 1.00 1.00 0.00 0.00 0.00 1.00 0.00 0.00 1.00 0.00 1.00 1.00 1.00 1.00 0.00 0.00 1.00 1.00 0.00 1.00 1.00 1.00 0.00 0.00 0.00 1.00 1.00 1.00 1.00 1.00 1.00 1.00 1.00
200 100
0.47 0.11 0.06 0.82 0.57 0.97 0.00 0.08 0.57 0.67 0.85 0.37 0.91 0.24 0.04 0.01 0.00 0.01 0.59 0.90 0.21 0.68 0.00 0.07 0.39 0.04 0.69 0.87 0.09 0.09 0.81 0.25 0.19 0.36 0.07 0.63 0.03 0.04 0.53 0.08 0.08 0.06 0.70 0.80 0.90 0.01 0.94 0.07 0.07 0.04 0.79 0.93 0.08 0.27 0.25 0.05 0.83 0.08 0.19 0.35 0.99 0.29 0.76 0.58 0.13 0.00 0.06 0.75 0.48 0.01 0.02 0.78 0.29 0.04 0.61 0.17 0.04 0.04 0.82 0.15 0.79 0.04 0.68 0.01 0.66 0.45 0.09 0.84 0.00 0.81 0.67 0.97 0.10 0.91 0.98 0.39 0.02 0.41 0.60 0.01 0.28 0.10 0.54 0.59 0.60 0.03 0.09 0.92 0.18 0.97 0.93 0.67 0.93 0.71 0.03 0.00 0.82 0.58 0.00 0.67 0.03 0.14 0.01 0.41 0.54 0.42 0.26 0.05 0.03 0.81 0.86 0.32 0.93 0.06 0.02 0.25 0.01 0.42 0.75 0.09 0.00 0.08 0.55 0.09 0.45 0.24 0.08 0.03 0.10 0.10 0.43 0.99 0.10 0.94 0.79 0.00 0.06 0.21 0.42 0.04 0.03 0.90 0.75 0.06 0.13 0.84 0.42 0.01 0.01 0.91 0.10 0.05 0.76 0.70 0.59 0.02 0.64 0.85 0.09 0.05 0.97 0.37 0.07 0.93 0.14 0.31 0.46 0.09 0.58 0.83 0.76 0.68 0.00 0.10 0.26 0.16 0.25 0.71 0.64 0.97
200 190
0.99 0.99 0.50 0.01 0.01 0.01 0.99 0.01 0.99 0.99 0.01 0.01 0.99 0.99 0.01 0.50 0.01 0.99 0.01 0.99 0.99 0.01 0.01 0.01 0.99 0.99 0.50 0.99 0.99 0.01 0.01 0.01 0.99 0.01 0.50 0.01 0.99 0.99 0.01 0.01 0.01 0.01 0.50 0.01 0.01 0.99 0.01 0.99 0.01 0.99 0.01 0.01 0.01 0.99 0.01 0.99 0.01 0.01 0.01 0.01 0.99 0.01 0.01 0.01 0.01 0.99 0.99 0.99 0.99 0.01 0.01 0.99 0.01 0.01 0.01 0.99 0.99 0.99 0.01 0.99 0.99 0.99 0.01 0.99 0.99 0.01 0.99 0.99 0.50 0.99 0.99 0.99 0.01 0.01 0.99 0.50 0.99 0.01 0.01 0.99 0.01 0.50 0.99 0.50 0.99 0.01 0.99 0.01 0.99 0.99 0.01 0.01 0.99 0.01 0.99 0.50 0.99 0.99 0.99 0.50 0.01 0.01 0.01 0.99 0.50 0.99 0.01 0.01 0.99 0.01 0.99 0.01 0.99 0.99 0.99 0.01 0.99 0.01 0.50 0.01 0.50 0.99 0.01 0.99 0.99 0.01 0.99 0.50 0.99 0.99 0.01 0.01 0.50 0.99 0.50 0.50 0.99 0.01 0.99 0.99 0.99 0.01 0.01 0.50 0.99 0.01 0.01 0.01 0.99 0.01 0.01 0.01 0.99 0.99 0.99 0.99 0.01 0.01 0.01 0.99 0.99 0.01 0.99 0.01 0.01 0.99 0.01 0.99 0.01 0.01 0.99 0.99 0.50 0.99 0.01 0.99 0.01 0.99 0.01 0.99
200 196
0.56 0.35 0.78 0.58 0.55 0.32 0.58 0.56 0.80 0.69 0.25 0.42 0.56 0.86 0.45 0.57 0.02 0.72 0.21 0.03 0.25 0.53 0.11 0.16 0.48 0.48 0.16 0.88 0.11 0.82 0.64 0.68 0.06 0.42 0.51 0.43 0.26 0.01 0.30 0.51 0.64 0.10 0.11 0.87 0.45 0.17 0.06 0.89 0.34 0.87 0.73 0.18 0.86 0.47 0.31 0.20 0.22 0.03 0.64 0.59 0.27 0.04 0.02 0.28 0.49 0.89 0.84 0.75 0.09 0.23 0.19 0.12 0.43 0.27 0.22 0.03 0.69 0.19 0.30 0.42 0.71 0.89 0.06 0.11 0.75 0.01 0.12 0.09 0.56 0.09 0.19 0.03 0.17 0.37 0.19 0.74 0.79 0.40 0.79 0.26 0.10 0.71 0.74 0.77 0.66 0.28 0.76 0.01 0.59 0.47 0.46 0.36 0.84 0.52 0.28 0.47 0.32 0.07 0.68 0.43 0.20 0.77 0.05 0.54 0.46 0.36 0.45 0.78 0.01 0.79 0.50 0.21 0.58 0.15 0.46 0.39 0.52 0.83 0.12 0.44 0.84 0.06 0.87 0.11 0.12 0.70 0.41 0.55 0.33 0.43 0.46 0.23 0.86 0.84 0.69 0.01 0.61 0.35 0.42 0.09 0.62 0.59 0.80 0.83 0.23 0.47 0.37 0.09 0.37 0.77 0.60 0.51 0.70 0.20 0.18 0.60 0.73 0.66 0.62 0.05 0.28 0.36 0.09 0.21 0.36 0.01 0.10 0.26 0.06 0.51 0.59 0.26 0.01 0.75 0.55 0.53 0.56 0.82 0.71 0.26
199 100
0.72 0.80 0.76 0.65 0.71 0.66 0.81 0.64 0.70 0.70 0.65 0.72 0.77 0.83 0.76 0.85 0.74 0.69 0.67 0.82 0.64 0.84 0.80 0.69 0.68 0.76 0.64 0.75 0.79 0.74 0.80 0.68 0.66 0.67 0.78 0.76 0.79 0.73 0.74 0.68 0.64 0.74 0.84 0.74 0.73 0.68 0.68 0.74 0.83 0.79 0.70 0.78 0.69 0.65 0.76 0.79 0.65 0.82 0.81 0.71 0.85 0.74 0.64 0.81 0.80 0.81 0.78 0.72 0.67 0.68 0.74 0.79 0.84 0.72 0.65 0.77 0.76 0.78 0.68 0.83 0.69 0.70 0.67 0.69 0.85 0.66 0.82 0.75 0.65 0.69 0.64 0.67 0.66 0.82 0.73 0.81 0.79 0.73 0.67 0.81 0.68 0.77 0.76 0.74 0.84 0.65 0.66 0.67 0.72 0.71 0.81 0.65 0.78 0.84 0.77 0.81 0.76 0.83 0.67 0.68 0.83 0.67 0.84 0.83 0.80 0.71 0.76 0.83 0.74 0.79 0.81 0.75 0.78 0.71 0.75 0.75 0.66 0.73 0.69 0.65 0.85 0.84 0.68 0.75 0.69 0.67 0.81 0.67 0.79 0.66 0.84 0.84 0.65 0.68 0.66 0.80 0.84 0.78 0.72 0.84 0.76 0.64 0.77 0.71 0.68 0.85 0.83 0.82 0.76 0.77 0.66 0.78 0.72 0.67 0.65 0.64 0.83 0.84 0.66 0.78 0.78 0.65 0.75 0.80 0.79 0.78 0.73 0.77 0.67 0.69 0.67 0.76 0.83 0.72 0.85 0.80 0.71 0.75 0.83
50 24
0.94 0.00 0.85 0.87 0.73 0.32 0.60 0.83 0.64 0.09 0.24 0.03 0.73 0.66 0.78 0.53 0.35 0.72 0.86 0.23 0.19 0.17 0.76 0.31 0.95 0.87 0.32 0.29 0.96 0.61 0.37 0.55 0.53 0.89 0.61 0.55 0.64 0.10 0.58 0.69 0.51 0.78 0.16 0.22 0.42 0.37 0.97 0.06 0.10 0.55
200 2
0.50 0.50 0.50 0.50 0.50 0.50 0.50 0.50 0.50 0.50 0.50 0.50 0.50 0.50 0.50 0.50 0.50 0.50 0.50 0.50 0.50 0.50 0.50 0.50 0.50 0.50 0.50 0.50 0.50 0.50 0.50 0.50 0.50 0.50 0.50 0.50 0.50 0.50 0.50 0.50 0.50 0.50 0.50 0.50 0.50 0.50 0.50 0.50 0.50 0.50 0.50 0.50 0.50 0.50 0.50 0.50 0.50 0.50 0.50 0.50 0.50 0.50 0.50 0.50 0.50 0.50 0.50 0.50 0.50 0.50 0.50 0.50 0.50 0.50 0.50 0.50 0.50 0.50 0.50 0.50 0.50 0.50 0.50 0.50 0.50 0.50 0.50 0.50 0.50 0.50 0.50 0.50 0.50 0.50 0.50 0.50 0.50 0.50 0.50 0.50 0.50 0.50 0.50 0.50 0.50 0.50 0.50 0.50 0.50 0.50 0.50 0.50 0.50 0.50 0.50 0.50 0.50 0.50 0.50 0.50 0.50 0.50 0.50 0.50 0.50 0.50 0.50 0.50 0.50 0.50 0.50 0.50 0.50 0.50 0.50 0.50 0.50 0.50 0.50 0.50 0.50 0.50 0.50 0.50 0.50 0.50 0.50 0.50 0.50 0.50 0.50 0.50 0.50 0.50 0.50 0.50 0.50 0.50 0.50 0.50 0.50 0.50 0.50 0.50 0.50 0.50 0.50 0.50 0.50 0.50 0.50 0.50 0.50 0.50 0.50 0.50 0.50 0.50 0.50 0.50 0.50 0.50 0.50 0.50 0.50 0.50 0.50 0.50 0.50 0.50 0.50 0.50 0.50 0.50 0.50 0.50 0.50 0.50 0.50 0.50
70 34
0.48 0.45 0.53 0.55 0.47 0.55 0.60 0.42 0.45 0.59 0.59 0.47 0.58 0.56 0.59 0.48 0.59 0.54 0.56 0.55 0.52 0.52 0.58 0.59 0.58 0.45 0.56 0.55 0.46 0.43 0.47 0.45 0.51 0.52 0.61 0.52 0.55 0.49 0.55 0.54 0.55 0.62 0.44 0.57 0.44 0.52 0.47 0.50 0.48 0.57 0.48 0.55 0.50 0.45 0.54 0.59 0.50 0.42 0.54 0.45 0.45 0.47 0.53 0.56 0.45 0.62 0.41 0.59 0.56 0.55
2 2
0.99 0.01
50 26
0.21 0.74 0.29 0.93 0.23 0.72 0.09 0.60 0.65 0.51 0.69 0.19 0.42 0.48 0.66 0.88 0.22 0.85 0.66 0.09 0.03 0.83 0.39 0.28 0.50 0.28 0.58 0.14 0.82 0.99 0.53 0.05 0.83 0.23 0.22 0.31 0.64 0.70 0.95 0.76 0.63 0.32 0.74 0.29 0.13 0.83 0.07 0.58 0.03 0.01
200 100
0.13 0.10 0.12 0.13 0.19 0.13 0.13 0.16 0.99 0.12 0.13 0.05 0.11 0.17 0.12 0.15 0.04 0.20 0.10 0.14 0.16 0.15 0.96 0.91 0.03 1.00 0.12 0.15 0.15 0.12 0.13 0.98 0.18 0.11 0.18 0.14 0.06 0.14 0.14 0.07 0.16 0.19 0.11 0.07 0.20 0.10 0.16 0.11 0.13 0.03 0.97 0.97 0.17 0.10 0.11 0.17 0.14 0.10 0.11 0.91 0.10 0.92 0.92 0.20 1.00 0.16 0.95 0.04 0.16 0.19 0.94 0.03 0.18 0.19 0.12 0.11 0.94 0.16 0.92 0.16 0.20 0.17 0.16 0.00 0.11 0.11 0.11 0.13 0.18 0.97 0.10 0.10 0.16 0.05 0.14 0.90 0.10 0.10 0.92 0.14 0.19 0.16 0.20 0.96 0.17 0.11 0.10 1.00 0.14 0.12 0.94 0.14 0.16 0.90 0.97 0.13 0.18 0.15 0.17 0.97 0.10 0.90 0.99 0.99 0.20 0.15 0.16 0.18 0.10 0.04 0.01 0.91 0.07 0.07 0.94 0.92 0.09 0.07 0.90 0.99 0.15 0.13 0.15 1.00 0.10 0.16 0.19 0.17 0.20 0.18 0.14 0.20 0.98 0.14 0.13 0.12 0.17 0.10 0.97 0.15 0.12 0.19 0.19 0.11 0.14 0.12 0.12 0.20 0.93 0.04 0.96 0.11 0.00 0.15 0.05 0.17 0.93 0.12 0.13 0.13 0.13 0.11 0.14 0.92 0.94 0.96 0.98 0.20 0.96 0.01 1.00 0.10 0.10 0.20 0.19 0.97 0.19 0.11 0.17 0.10
200 200
0.00 0.00 1.00 0.00 0.00 0.00 0.00 0.00 1.00 0.00 1.00 1.00 0.00 0.00 1.00 1.00 0.00 0.00 0.00 0.00 1.00 1.00 1.00 1.00 1.00 0.00 1.00 0.00 1.00 1.00 0.00 0.00 1.00 0.00 1.00 0.00 1.00 1.00 1.00 0.00 1.00 0.00 0.00 0.00 1.00 0.00 1.00 1.00 0.00 0.00 1.00 1.00 1.00 0.00 0.00 0.00 0.00 1.00 1.00 1.00 1.00 1.00 1.00 1.00 0.00 0.00 1.00 0.00 0.00 0.00 0.00 0.00 1.00 0.00 0.00 1.00 1.00 0.00 1.00 1.00 1.00 1.00 1.00 1.00 1.00 1.00 1.00 1.00 0.00 0.00 0.00 0.00 0.00 1.00 0.00 1.00 1.00 0.00 1.00 0.00 1.00 0.00 0.00 1.00 0.00 1.00 0.00 0.00 0.00 1.00 0.00 0.00 0.00 0.00 0.00 1.00 0.00 1.00 1.00 1.00 0.00 0.00 0.00 1.00 1.00 0.00 0.00 0.00 0.00 1.00 0.00 1.00 1.00 1.00 1.00 0.00 1.00 0.00 0.00 1.00 1.00 0.00 0.00 0.00 1.00 0.00 0.00 0.00 0.00 1.00 1.00 0.00 1.00 0.00 1.00 1.00 1.00 1.00 1.00 1.00 1.00 1.00 1.00 0.00 0.00 1.00 0.00 0.00 1.00 1.00 0.00 1.00 0.00 1.00 1.00 0.00 0.00 0.00 1.00 1.00 0.00 1.00 0.00 0.00 1.00 1.00 1.00 0.00 1.00 1.00 0.00 1.00 1.00 1.00 0.00 0.00 0.00 0.00 1.00 1.00
70 38
0.77 0.24 0.63 0.40 0.20 0.52 0.72 0.29 0.64 0.66 0.61 0.69 0.42 0.20 0.41 0.82 0.86 0.80 0.20 0.61 0.22 0.76 0.30 0.54 0.56 0.44 0.67 0.67 0.62 0.29 0.74 0.44 0.51 0.77 0.40 0.46 0.65 0.41 0.79 0.60 0.39 0.67 0.64 0.39 0.80 0.83 0.67 0.41 0.41 0.75 0.44 0.38 0.30 0.51 0.83 0.44 0.25 0.75 0.67 0.87 0.68 0.35 0.56 0.29 0.81 0.72 0.23 0.73 0.60 0.35
200 132
0.66 0.80 0.89 0.87 0.99 0.94 1.00 0.66 0.82 0.73 0.96 0.93 0.93 0.89 0.99 0.77 0.85 0.83 0.64 0.95 0.67 0.82 0.87 0.97 0.83 0.79 0.83 0.80 0.92 0.87 0.76 1.00 1.00 0.69 0.66 0.76 0.95 0.88 0.76 0.65 0.64 0.68 0.89 0.78 0.68 0.74 0.70 0.85 0.78 0.83 0.84 0.86 0.64 0.80 0.82 0.93 0.75 0.95 0.77 0.69 0.91 0.94 0.85 0.81 0.81 0.65 0.97 0.81 0.85 0.80 0.76 0.69 0.73 0.98 0.70 0.69 0.83 0.73 0.66 0.67 0.92 0.98 0.66 0.79 0.94 0.79 0.77 0.68 0.97 0.90 0.73 0.92 0.66 0.74 0.74 0.84 0.96 0.88 0.87 0.74 0.83 0.91 0.98 0.80 0.86 0.90 0.93 0.81 0.72 0.92 0.64 0.65 0.68 0.95 0.86 0.93 0.82 0.81 0.79 0.93 0.70 0.91 0.64 0.93 0.85 0.72 0.79 0.68 0.80 0.74 0.91 0.89 0.74 0.72 0.75 0.80 0.98 0.84 0.66 0.88 0.64 0.81 0.93 0.87 0.77 0.86 0.95 0.80 0.78 0.72 0.86 0.82 0.82 1.00 0.79 0.86 0.70 0.78 0.84 0.83 0.88 0.73 0.92 0.69 0.84 0.97 1.00 0.66 0.64 0.85 0.96 0.87 0.84 0.86 0.84 0.68 0.65 0.69 0.97 0.64 0.88 0.92 0.67 0.97 0.70 0.91 0.72 0.73 0.92 0.87 0.94 0.86 0.98 0.68 0.67 0.91 0.83 0.99 0.95 1.00
200 164
0.15 0.23 0.43 0.02 0.30 0.36 0.42 0.17 0.28 0.40 0.04 0.37 0.04 0.06 0.37 0.33 0.09 0.20 0.41 0.04 0.19 0.09 0.00 0.32 0.42 0.37 0.00 0.35 0.08 0.13 0.34 0.10 0.01 0.38 0.44 0.20 0.28 0.11 0.35 0.19 0.14 0.09 0.01 0.26 0.06 0.24 0.08 0.16 0.16 0.00 0.20 0.05 0.14 0.00 0.25 0.01 0.21 0.19 0.04 0.28 0.15 0.06 0.30 0.01 0.09 0.31 0.30 0.10 0.27 0.36 0.19 0.08 0.09 0.09 0.18 0.31 0.41 0.03 0.25 0.06 0.16 0.34 0.20 0.10 0.26 0.23 0.01 0.05 0.17 0.14 0.31 0.45 0.42 0.31 0.34 0.22 0.14 0.27 0.05 0.05 0.06 0.09 0.45 0.30 0.31 0.03 0.21 0.40 0.04 0.28 0.18 0.40 0.03 0.41 0.29 0.20 0.16 0.20 0.09 0.08 0.24 0.19 0.23 0.20 0.25 0.03 0.13 0.06 0.36 0.38 0.15 0.37 0.32 0.01 0.16 0.11 0.25 0.37 0.19 0.10 0.06 0.23 0.42 0.09 0.40 0.10 0.39 0.07 0.41 0.34 0.08 0.13 0.45 0.44 0.36 0.24 0.42 0.08 0.26 0.23 0.39 0.13 0.32 0.06 0.36 0.34 0.11 0.04 0.28 0.04 0.37 0.09 0.31 0.22 0.07 0.16 0.05 0.08 0.24 0.13 0.34 0.04 0.02 0.22 0.44 0.37 0.04 0.23 0.29 0.07 0.38 0.03 0.38 0.44 0.31 0.15 0.31 0.12 0.27 0.08
200 68
0.03 0.40 0.15 0.21 0.46 0.31 0.05 0.22 0.25 0.27 0.17 0.21 0.13 0.22 0.41 0.15 0.00 0.13 0.46 0.23 0.30 0.07 0.30 0.45 0.44 0.16 0.43 0.10 0.34 0.02 0.28 0.42 0.32 0.10 0.39 0.29 0.09 0.06 0.41 0.22 0.45 0.16 0.37 0.21 0.13 0.07 0.11 0.23 0.34 0.40 0.32 0.25 0.43 0.07 0.21 0.17 0.18 0.16 0.03 0.07 0.05 0.07 0.44 0.12 0.38 0.45 0.02 0.17 0.14 0.43 0.43 0.29 0.22 0.23 0.04 0.01 0.36 0.45 0.47 0.04 0.20 0.19 0.05 0.12 0.24 0.26 0.21 0.30 0.46 0.08 0.47 0.43 0.11 0.46 0.21 0.21 0.43 0.34 0.13 0.41 0.44 0.28 0.34 0.15 0.31 0.17 0.41 0.38 0.20 0.01 0.40 0.25 0.22 0.46 0.46 0.25 0.46 0.02 0.05 0.39 0.36 0.20 0.10 0.22 0.10 0.46 0.15 0.25 0.33 0.07 0.15 0.31 0.03 0.36 0.02 0.45 0.06 0.03 0.12 0.16 0.05 0.25 0.06 0.47 0.06 0.30 0.10 0.42 0.29 0.40 0.23 0.42 0.46 0.47 0.40 0.21 0.04 0.09 0.17 0.42 0.42 0.05 0.09 0.42 0.17 0.15 0.27 0.08 0.13 0.26 0.27 0.33 0.17 0.33 0.10 0.31 0.03 0.32 0.25 0.45 0.15 0.47 0.46 0.19 0.34 0.03 0.12 0.41 0.01 0.18 0.38 0.37 0.38 0.24 0.37 0.21 0.09 0.41 0.47 0.31
3 2
0.01 0.01 0.01
50 38
0.67 0.40 0.35 0.27 0.33 0.91 0.00 0.96 0.59 0.85 0.56 0.33 0.97 0.11 0.23 0.91 0.95 0.91 0.03 0.17 0.77 0.58 0.46 0.93 0.62 0.35 0.76 0.47 0.04 0.81 0.54 0.98 0.14 0.13 0.37 0.47 0.88 0.38 0.79 0.91 0.91 0.68 0.74 0.98 0.17 0.98 0.51 0.70 0.76 0.61
200 100
0.15 0.94 0.13 0.20 0.92 0.17 0.96 0.13 0.93 0.18 0.18 0.93 0.97 0.20 0.19 0.98 0.20 0.15 0.18 0.16 0.16 0.14 1.00 0.14 0.13 1.00 0.08 0.18 0.10 0.07 0.17 0.14 0.11 0.20 0.96 0.17 0.17 0.07 0.13 0.20 0.95 0.12 0.18 0.11 0.19 0.15 0.00 0.19 0.20 0.04 0.91 0.10 1.00 0.01 0.02 0.19 0.90 0.02 0.17 0.13 0.17 0.99 0.18 0.18 0.11 0.16 0.10 0.03 0.91 0.97 0.95 0.15 0.19 0.98 0.10 0.91 0.17 0.13 0.16 0.20 0.18 0.98 0.11 0.99 0.07 0.05 1.00 0.99 0.16 1.00 0.20 0.14 0.20 0.12 0.06 0.14 0.93 0.10 0.14 1.00 0.05 0.04 0.91 0.12 0.12 0.17 0.15 0.16 0.96 0.02 0.01 0.04 0.15 0.17 0.16 0.93 0.17 0.14 0.90 1.00 0.11 0.20 0.17 0.10 0.13 0.15 0.15 0.12 0.12 0.07 0.20 0.92 0.12 0.19 0.17 0.93 0.94 0.99 0.10 0.14 0.10 0.20 0.99 0.96 0.92 0.10 0.13 0.11 0.90 0.14 0.20 0.16 0.13 0.10 0.19 0.18 0.11 0.10 0.15 0.16 0.13 0.01 0.11 0.12 0.99 0.10 0.18 0.17 0.00 0.14 0.11 0.18 0.11 0.96 0.12 0.20 0.98 0.14 0.17 0.90 0.11 0.93 0.13 0.06 0.20 0.99 0.16 0.15 0.17 0.10 0.10 0.20 0.98 0.97 0.20 0.17 0.16 0.16 0.17 0.17
50 40
0.96 0.32 0.85 0.13 0.80 0.61 0.75 0.21 0.06 0.71 0.73 0.79 0.84 0.25 0.52 0.70 0.11 0.28 0.18 0.19 0.44 0.38 0.54 0.46 0.73 0.02 0.36 0.66 0.36 0.64 0.79 0.69 0.34 0.63 0.30 0.03 0.44 0.53 0.35 0.78 0.18 0.24 0.44 0.06 0.66 0.29 0.05 0.93 0.49 0.94
70 34
0.52 0.55 0.44 0.43 0.59 0.52 0.59 0.48 0.56 0.54 0.52 0.52 0.47 0.59 0.62 0.48 0.48 0.62 0.49 0.59 0.61 0.42 0.59 0.45 0.57 0.46 0.41 0.50 0.44 0.57 0.51 0.55 0.45 0.45 0.47 0.58 0.56 0.50 0.52 0.50 0.47 0.55 0.54 0.55 0.55 0.58 0.58 0.45 0.56 0.55 0.45 0.45 0.59 0.56 0.53 0.60 0.47 0.56 0.42 0.59 0.44 0.48 0.54 0.53 0.55 0.45 0.47 0.55 0.54 0.55
200 4
0.27 0.71 0.10 0.64 0.85 0.81 0.88 0.26 0.20 0.34 0.01 0.72 0.75 0.12 0.54 0.67 0.51 0.37 0.24 0.81 0.24 0.29 0.10 0.70 0.65 0.50 0.64 0.65 0.25 0.44 0.84 0.42 0.44 0.92 0.90 0.70 0.93 0.78 0.11 0.71 0.76 0.76 0.37 0.67 0.45 0.39 0.07 0.87 0.85 0.38 0.87 0.39 0.63 0.61 0.06 0.70 0.57 0.95 0.32 0.16 0.34 0.30 0.48 0.42 0.86 0.76 0.76 0.32 0.14 0.73 0.72 0.85 0.06 0.59 0.04 0.52 0.10 0.33 0.85 0.52 0.57 0.51 0.68 0.50 0.14 0.37 0.43 0.01 0.75 0.68 0.81 0.50 0.07 0.73 0.71 0.19 0.95 0.71 0.26 0.22 0.18 0.76 0.13 0.04 0.78 0.68 0.21 0.40 0.85 0.06 0.86 0.10 0.15 0.94 0.81 0.57 0.42 0.48 0.81 0.21 0.43 0.78 0.65 0.81 0.59 0.18 0.09 0.68 0.64 0.89 0.59 0.80 0.30 0.65 0.42 0.73 0.92 0.45 0.39 0.50 0.15 0.03 0.62 0.03 0.46 0.86 0.90 0.60 0.87 0.60 0.53 0.86 0.17 0.59 0.10 0.06 0.82 0.32 0.75 0.00 0.27 0.70 0.83 0.80 0.79 0.41 0.25 0.51 0.26 0.48 0.48 0.54 0.16 0.03 0.41 0.75 0.39 0.55 0.66 0.82 0.03 0.15 0.57 0.77 0.80 0.73 0.29 0.73 0.54 0.04 0.94 0.51 0.01 0.07 0.61 0.41 0.62 0.71 0.70 0.11
200 100
0.05 0.05 0.82 0.90 0.81 0.90 0.97 0.82 0.89 0.84 0.89 0.84 0.04 0.85 0.85 0.87 0.81 0.88 0.86 0.89 0.05 0.05 0.80 0.87 0.83 0.80 0.88 0.07 0.83 0.89 0.80 0.80 0.98 0.82 0.81 0.07 0.86 0.84 0.94 0.87 0.04 0.82 0.07 0.83 0.90 0.84 0.08 0.83 0.90 0.90 0.83 0.80 0.81 0.84 0.96 0.96 0.87 0.03 0.85 0.84 0.03 0.85 0.83 0.86 0.85 0.86 0.86 0.07 0.82 0.97 0.84 0.86 0.81 0.80 0.00 0.82 0.83 0.90 0.08 0.86 0.00 0.84 0.09 0.83 0.04 0.03 0.86 0.00 0.82 0.97 0.90 0.88 0.88 0.86 0.88 0.87 0.07 0.82 0.05 0.05 0.96 0.94 0.03 0.10 0.89 0.94 0.10 0.82 0.88 0.84 0.83 0.02 0.92 0.00 0.95 0.84 0.85 0.87 0.07 0.84 0.80 0.82 0.86 0.85 0.02 0.83 0.10 0.88 0.88 0.84 0.96 0.84 0.87 0.90 0.09 0.82 0.93 0.86 0.87 0.82 0.98 0.06 0.83 0.89 0.96 1.00 0.85 0.88 0.84 0.82 0.80 0.86 0.88 0.86 0.10 0.83 0.10 0.09 0.03 0.89 0.86 0.83 0.82 0.83 0.90 0.80 0.82 0.83 0.87 0.80 0.95 0.86 0.86 0.80 0.90 0.88 0.04 0.81 0.92 0.82 0.86 0.87 0.90 0.82 0.92 0.87 0.03 0.86 0.95 0.82 0.82 0.09 0.98 0.90 0.95 0.80 0.81 0.89 0.85 0.04
194 100
0.53 0.46 0.54 0.46 0.46 0.51 0.50 0.53 0.48 0.54 0.49 0.48 0.52 0.52 0.53 0.54 0.48 0.52 0.47 0.54 0.46 0.52 0.53 0.46 0.53 0.49 0.53 0.47 0.48 0.50 0.54 0.51 0.51 0.52 0.54 0.47 0.52 0.47 0.49 0.54 0.49 0.49 0.53 0.53 0.54 0.48 0.51 0.53 0.53 0.48 0.54 0.51 0.53 0.54 0.54 0.46 0.52 0.52 0.50 0.53 0.47 0.48 0.47 0.46 0.52 0.46 0.52 0.53 0.48 0.50 0.53 0.53 0.50 0.54 0.50 0.46 0.49 0.50 0.53 0.54 0.47 0.54 0.51 0.51 0.50 0.46 0.49 0.49 0.54 0.46 0.46 0.49 0.52 0.48 0.47 0.46 0.46 0.50 0.50 0.53 0.53 0.46 0.46 0.53 0.54 0.47 0.48 0.46 0.49 0.51 0.46 0.53 0.54 0.47 0.49 0.52 0.50 0.54 0.54 0.54 0.47 0.53 0.47 0.49 0.49 0.52 0.47 0.48 0.46 0.47 0.53 0.47 0.48 0.49 0.47 0.54 0.50 0.49 0.46 0.52 0.54 0.49 0.54 0.51 0.49 0.52 0.47 0.51 0.46 0.50 0.49 0.48 0.51 0.50 0.54 0.54 0.47 0.47 0.53 0.51 0.48 0.46 0.47 0.47 0.46 0.53 0.48 0.49 0.53 0.47 0.48 0.51 0.52 0.54 0.46 0.53 0.47 0.47 0.48 0.48 0.47 0.50 0.48 0.47 0.47 0.51 0.50 0.49 0.53 0.51 0.51 0.48 0.54 0.49
200 100
0.81 0.04 0.91 0.38 0.39 0.77 0.15 0.92 0.88 1.00 0.38 0.93 0.54 0.10 0.80 0.70 0.43 0.26 0.90 0.90 0.91 0.99 0.04 0.31 0.71 0.96 0.18 0.35 0.96 0.21 0.35 0.95 0.93 0.07 0.25 0.93 0.71 0.69 0.51 0.19 0.14 0.67 0.61 0.93 0.04 0.95 0.82 0.94 0.61 0.43 0.67 0.96 0.38 0.97 0.96 0.96 0.98 0.54 1.00 0.92 0.36 0.99 0.06 0.13 0.33 0.74 0.95 0.92 0.97 0.96 0.72 0.28 0.74 0.41 1.00 0.00 0.93 0.47 0.19 0.91 0.98 0.51 0.96 0.59 0.97 0.18 0.68 0.10 0.54 1.00 0.97 0.48 0.59 0.35 0.16 0.13 0.90 0.52 0.75 0.19 0.67 0.55 0.21 0.42 0.98 0.98 0.31 0.91 0.98 0.84 1.00 0.15 0.51 0.43 1.00 0.17 0.90 0.58 0.80 0.14 0.38 0.25 0.32 0.93 0.99 0.30 0.18 0.92 0.75 0.93 0.79 0.33 0.97 0.90 1.00 0.70 0.93 0.99 0.90 0.82 0.77 0.90 0.72 0.13 0.01 0.12 0.70 0.91 0.09 0.27 0.16 1.00 0.92 0.30 0.92 0.97 0.11 0.97 1.00 0.58 0.91 1.00 0.03 0.51 0.34 0.66 0.73 0.46 0.98 0.32 0.58 0.34 0.93 0.98 0.92 0.98 0.71 0.39 1.00 0.81 0.02 0.94 0.86 0.43 0.92 0.56 0.13 0.13 0.14 0.64 0.50 0.52 0.96 0.42 0.98 0.91 0.38 0.60 0.63 0.90
200 36
0.04 0.33 0.38 0.07 0.26 0.21 0.23 0.39 0.48 0.25 0.34 0.20 0.48 0.13 0.10 0.39 0.11 0.21 0.33 0.48 0.46 0.37 0.34 0.46 0.24 0.40 0.44 0.15 0.40 0.04 0.16 0.49 0.02 0.29 0.20 0.38 0.48 0.17 0.37 0.49 0.21 0.30 0.01 0.08 0.23 0.12 0.10 0.05 0.13 0.05 0.43 0.31 0.09 0.38 0.07 0.42 0.15 0.11 0.31 0.22 0.42 0.14 0.21 0.12 0.06 0.12 0.43 0.48 0.15 0.10 0.30 0.17 0.05 0.36 0.27 0.48 0.46 0.49 0.29 0.26 0.26 0.33 0.06 0.05 0.06 0.11 0.46 0.39 0.05 0.20 0.09 0.20 0.04 0.21 0.07 0.43 0.21 0.17 0.08 0.45 0.19 0.32 0.41 0.32 0.09 0.13 0.01 0.22 0.17 0.13 0.41 0.32 0.42 0.48 0.04 0.26 0.19 0.45 0.40 0.24 0.39 0.18 0.46 0.47 0.31 0.40 0.03 0.25 0.16 0.15 0.32 0.07 0.18 0.28 0.22 0.01 0.11 0.29 0.13 0.04 0.38 0.18 0.27 0.39 0.24 0.16 0.49 0.14 0.16 0.48 0.18 0.10 0.39 0.04 0.28 0.00 0.37 0.40 0.34 0.35 0.47 0.48 0.09 0.28 0.21 0.19 0.34 0.06 0.22 0.41 0.45 0.13 0.09 0.06 0.48 0.46 0.17 0.43 0.06 0.32 0.16 0.31 0.21 0.29 0.44 0.15 0.33 0.07 0.28 0.06 0.22 0.18 0.45 0.08 0.46 0.17 0.32 0.13 0.37 0.32
70 38
0.37 0.41 0.34 0.35 0.66 0.38 0.53 0.65 0.59 0.44 0.29 0.47 0.34 0.49 0.58 0.56 0.28 0.46 0.48 0.45 0.50 0.42 0.43 0.28 0.56 0.37 0.36 0.37 0.33 0.37 0.47 0.52 0.34 0.67 0.64 0.53 0.42 0.28 0.59 0.67 0.52 0.37 0.33 0.60 0.52 0.36 0.61 0.39 0.50 0.44 0.32 0.56 0.55 0.66 0.33 0.50 0.42 0.53 0.41 0.31 0.41 0.42 0.44 0.59 0.35 0.55 0.59 0.53 0.36 0.34
200 100
0.97 0.15 0.15 0.01 0.14 0.11 0.18 0.17 0.17 0.97 0.19 0.10 0.17 0.10 0.11 0.06 0.93 0.19 0.16 0.07 0.19 0.18 0.15 0.19 0.14 0.09 0.99 0.90 0.16 0.11 0.07 0.90 0.16 0.92 0.20 0.15 0.16 0.10 0.90 0.95 0.11 0.19 0.15 0.20 0.94 0.93 0.20 0.10 0.17 0.03 0.91 0.10 0.91 0.17 0.19 0.90 0.96 0.16 0.14 0.10 0.19 0.00 0.15 0.94 0.19 0.94 1.00 0.00 0.13 0.14 0.19 0.04 0.20 0.17 0.10 0.03 1.00 0.14 0.14 0.13 0.99 0.92 0.13 0.20 0.95 0.11 0.93 0.16 0.96 0.00 0.16 0.12 0.15 0.90 0.12 0.17 0.19 0.14 0.13 0.98 0.15 0.20 0.11 0.12 0.90 0.04 0.13 0.13 0.92 0.98 0.13 0.00 0.14 0.06 0.20 0.18 0.14 0.14 0.10 0.10 0.11 0.20 0.10 0.01 0.13 0.12 0.19 0.14 0.10 0.10 0.12 0.11 0.90 0.20 0.20 0.99 0.14 0.20 0.13 0.04 0.14 0.05 0.98 0.13 0.07 0.96 0.92 0.20 0.13 0.13 0.99 0.14 0.10 0.96 0.04 0.13 0.07 0.10 0.10 0.16 0.19 0.05 0.91 0.17 0.16 0.94 0.97 0.91 0.16 0.17 0.97 0.18 0.98 0.15 0.13 0.95 0.16 0.01 0.16 0.13 0.15 1.00 0.94 0.98 0.14 0.97 0.19 0.13 0.91 0.13 0.01 0.11 0.18 0.16 0.97 0.05 0.91 0.10 0.15 0.17
199 100
0.71 0.79 0.74 0.73 0.79 0.76 0.71 0.75 0.83 0.73 0.69 0.70 0.78 0.68 0.78 0.71 0.83 0.76 0.70 0.70 0.80 0.74 0.71 0.75 0.74 0.68 0.85 0.74 0.83 0.77 0.68 0.81 0.76 0.80 0.80 0.79 0.69 0.72 0.70 0.72 0.72 0.80 0.69 0.70 0.70 0.70 0.74 0.78 0.74 0.73 0.71 0.79 0.73 0.84 0.73 0.69 0.85 0.74 0.77 0.72 0.71 0.83 0.78 0.78 0.72 0.77 0.79 0.84 0.82 0.82 0.84 0.78 0.77 0.71 0.72 0.79 0.75 0.76 0.81 0.68 0.82 0.81 0.84 0.80 0.78 0.79 0.68 0.79 0.81 0.70 0.71 0.77 0.83 0.71 0.84 0.83 0.69 0.83 0.69 0.71 0.74 0.73 0.80 0.83 0.77 0.74 0.82 0.79 0.74 0.82 0.85 0.76 0.77 0.76 0.80 0.83 0.78 0.79 0.71 0.82 0.85 0.80 0.79 0.83 0.70 0.84 0.73 0.75 0.80 0.83 0.77 0.68 0.76 0.71 0.79 0.72 0.85 0.73 0.77 0.70 0.80 0.84 0.74 0.80 0.69 0.75 0.74 0.78 0.69 0.68 0.77 0.68 0.74 0.79 0.82 0.70 0.77 0.74 0.68 0.75 0.73 0.73 0.78 0.70 0.74 0.71 0.70 0.84 0.72 0.82 0.79 0.78 0.78 0.81 0.83 0.73 0.72 0.68 0.69 0.73 0.84 0.71 0.76 0.80 0.72 0.79 0.70 0.78 0.77 0.79 0.77 0.82 0.77 0.82 0.68 0.83 0.75 0.75 0.70
70 38
0.52 0.46 0.26 0.42 0.23 0.75 0.87 0.30 0.35 0.64 0.81 0.63 0.82 0.79 0.67 0.40 0.40 0.64 0.20 0.44 0.77 0.51 0.41 0.69 0.41 0.56 0.22 0.41 0.72 0.62 0.86 0.67 0.29 0.66 0.76 0.83 0.67 0.77 0.20 0.83 0.75 0.54 0.29 0.29 0.80 0.74 0.67 0.67 0.56 0.65 0.60 0.44 0.20 0.72 0.61 0.39 0.44 0.30 0.68 0.35 0.39 0.38 0.73 0.80 0.44 0.51 0.60 0.24 0.41 0.61
200 100
0.11 0.10 0.12 0.00 0.16 0.14 0.14 0.14 0.99 0.12 0.12 0.15 0.19 0.20 0.19 0.15 0.20 0.15 0.13 0.99 0.93 0.08 0.11 0.03 0.94 0.18 0.11 0.11 0.11 0.15 0.97 0.11 0.18 0.15 0.10 1.00 0.17 0.97 0.20 0.10 0.98 0.13 0.17 0.90 0.14 0.98 0.00 0.96 0.93 0.20 0.17 0.97 0.19 0.98 0.12 0.13 0.95 0.13 0.98 0.20 0.10 0.18 0.14 0.91 0.14 0.19 0.20 0.16 0.17 0.10 0.20 0.14 0.12 0.14 0.02 0.19 0.18 0.15 0.17 0.07 0.15 0.03 0.17 0.16 0.95 0.95 0.93 0.17 0.17 0.13 0.17 0.18 0.20 0.06 0.10 0.94 0.97 0.10 0.92 0.19 0.11 0.90 0.01 0.90 0.11 0.18 0.10 0.12 0.01 0.00 0.10 0.12 0.93 0.11 0.20 0.18 0.09 0.11 0.95 0.18 0.95 0.20 0.03 0.11 0.16 0.08 0.14 0.01 0.19 0.13 0.19 0.19 0.13 0.20 0.13 0.91 0.16 0.11 0.18 0.93 0.95 0.14 0.20 0.95 0.10 0.13 0.15 0.19 0.99 0.19 0.18 0.97 0.15 0.03 0.20 0.90 0.18 0.98 0.13 0.20 0.04 0.13 0.91 0.90 0.99 0.18 0.20 0.17 0.13 0.14 0.10 1.00 0.91 0.90 0.17 0.91 0.18 0.90 0.13 0.98 0.16 0.03 0.13 0.19 0.92 0.13 0.17 0.17 0.17 0.11 0.97 0.95 0.16 0.00 0.96 0.13 0.20 0.03 0.16 0.17
200 132
0.47 0.50 0.44 0.44 0.60 0.58 0.50 0.42 0.45 0.46 0.48 0.42 0.44 0.44 0.48 0.43 0.58 0.57 0.54 0.58 0.54 0.43 0.51 0.58 0.60 0.56 0.47 0.44 0.47 0.57 0.56 0.54 0.48 0.49 0.45 0.50 0.55 0.56 0.50 0.43 0.40 0.48 0.42 0.51 0.52 0.43 0.60 0.42 0.40 0.48 0.42 0.55 0.49 0.49 0.52 0.52 0.42 0.60 0.45 0.46 0.41 0.41 0.54 0.55 0.57 0.42 0.50 0.55 0.45 0.52 0.44 0.47 0.46 0.50 0.47 0.56 0.58 0.47 0.49 0.59 0.56 0.49 0.60 0.51 0.52 0.57 0.56 0.44 0.55 0.58 0.45 0.51 0.41 0.52 0.57 0.60 0.51 0.59 0.55 0.49 0.45 0.54 0.56 0.42 0.42 0.60 0.55 0.46 0.44 0.41 0.48 0.58 0.58 0.55 0.55 0.52 0.50 0.58 0.51 0.45 0.43 0.41 0.55 0.44 0.49 0.48 0.41 0.47 0.46 0.46 0.43 0.59 0.54 0.45 0.40 0.47 0.51 0.56 0.52 0.49 0.52 0.56 0.49 0.47 0.44 0.44 0.45 0.53 0.44 0.44 0.48 0.42 0.41 0.48 0.57 0.51 0.58 0.43 0.40 0.43 0.46 0.60 0.43 0.45 0.45 0.44 0.59 0.42 0.54 0.49 0.44 0.43 0.51 0.56 0.57 0.46 0.56 0.54 0.40 0.54 0.44 0.52 0.59 0.60 0.50 0.53 0.47 0.43 0.52 0.55 0.50 0.49 0.56 0.54 0.52 0.40 0.57 0.49 0.44 0.49
200 164
0.46 0.93 0.98 0.78 0.91 0.80 1.00 0.79 0.72 0.81 0.68 0.87 0.75 0.49 0.72 0.91 0.95 0.84 0.25 0.52 0.59 0.25 0.96 0.86 0.85 0.29 0.83 0.26 0.60 0.51 0.95 0.84 0.88 0.65 0.44 1.00 0.37 0.71 0.95 0.33 0.34 0.50 0.71 0.58 0.84 0.35 0.73 0.79 0.57 0.31 0.89 0.79 0.88 0.39 0.32 0.76 0.33 1.00 0.56 0.84 0.64 0.71 0.80 0.97 0.59 0.25 0.70 0.91 0.59 0.36 0.62 0.73 0.78 0.45 0.83 0.85 0.35 0.97 0.76 0.77 0.92 0.94 0.85 0.68 0.32 0.91 0.62 0.86 0.75 0.99 0.96 0.32 0.77 0.56 0.53 0.85 0.43 0.98 0.28 0.70 0.60 0.39 0.32 0.65 0.82 0.87 0.87 0.55 0.40 0.61 0.98 0.53 0.48 0.75 0.56 0.94 0.67 0.30 0.61 0.72 0.57 0.48 0.42 1.00 0.36 0.85 0.52 0.53 0.97 0.38 0.36 0.91 0.96 0.29 0.81 0.99 0.32 0.51 0.41 0.71 0.38 0.47 0.26 0.68 0.79 0.62 0.26 0.47 0.38 0.66 0.93 0.62 0.42 0.99 1.00 0.75 0.99 0.53 0.25 0.56 0.87 0.27 0.30 0.38 0.26 0.42 0.92 0.92 0.30 0.57 0.55 0.98 0.56 0.52 0.70 0.36 0.65 0.58 0.45 0.85 0.94 0.64 0.66 0.63 0.25 0.41 0.52 0.79 0.72 0.84 0.33 0.40 0.34 0.47 0.87 0.86 0.68 0.44 0.72 0.93
50 28
0.00 0.12 0.53 0.78 0.67 0.57 0.91 0.75 0.87 0.80 0.14 0.98 0.80 0.93 0.22 0.16 0.25 0.84 0.30 0.25 0.85 0.59 0.55 0.49 0.17 0.05 0.08 0.99 0.19 0.14 0.69 0.85 0.84 0.73 0.99 0.19 0.71 0.17 0.57 0.08 0.53 0.34 0.47 1.00 0.20 0.06 0.55 0.32 0.90 0.23
200 68
0.66 0.31 0.30 0.89 0.58 0.70 0.98 0.65 0.76 0.61 0.25 0.92 0.52 0.26 0.77 0.92 0.57 0.53 0.76 0.62 0.62 0.78 0.98 0.63 0.45 0.47 0.23 0.95 0.79 0.77 0.44 0.38 0.57 0.26 0.83 0.74 0.89 0.48 0.56 0.54 0.78 0.43 0.69 0.65 0.24 0.45 0.29 0.37 0.86 0.22 0.43 0.61 0.99 0.68 0.69 0.28 0.55 0.46 0.70 0.76 0.30 0.55 0.72 0.74 0.45 0.50 0.46 0.33 0.70 0.27 0.81 0.22 0.32 0.64 0.97 0.47 0.40 0.58 0.30 0.44 0.79 0.51 0.51 0.41 0.37 0.83 0.68 0.45 0.25 0.27 0.76 0.24 0.92 0.79 0.85 0.97 0.75 0.72 0.41 0.99 0.59 0.97 0.58 0.99 0.33 0.22 0.36 0.77 0.37 0.53 0.80 0.56 0.90 0.58 0.59 0.95 0.71 0.80 0.70 0.55 0.70 0.90 0.27 0.76 0.42 0.66 0.28 0.25 0.89 0.77 0.66 0.99 0.60 0.27 0.52 0.87 0.41 0.83 1.00 0.58 0.73 0.81 0.55 0.43 0.24 0.35 0.31 0.98 0.99 0.86 0.37 0.92 0.84 0.88 0.32 0.72 0.73 0.96 0.71 0.49 0.95 0.94 0.83 0.87 0.96 0.98 0.57 0.85 0.66 0.86 0.87 0.81 0.78 0.29 0.65 0.48 0.94 0.93 0.39 0.57 0.72 0.61 0.57 0.60 0.45 0.51 0.46 0.89 0.79 0.84 0.37 0.33 0.49 0.77 0.39 0.84 0.96 0.56 0.64 0.26
200 100
1.00 1.00 0.00 0.00 1.00 1.00 0.00 0.00 1.00 1.00 0.00 0.00 0.00 1.00 1.00 1.00 1.00 1.00 1.00 1.00 0.00 1.00 1.00 0.00 0.00 0.00 1.00 0.00 1.00 0.00 1.00 0.00 1.00 0.00 1.00 1.00 0.00 0.00 0.00 1.00 0.00 0.00 1.00 1.00 1.00 1.00 1.00 0.00 1.00 0.00 0.00 1.00 1.00 1.00 1.00 0.00 1.00 0.00 0.00 0.00 0.00 0.00 0.00 1.00 0.00 1.00 1.00 0.01 1.00 0.00 0.00 1.00 0.00 1.00 0.00 1.00 0.00 1.00 1.00 1.00 0.00 1.00 0.00 1.00 1.00 1.00 1.00 0.00 1.00 1.00 0.00 1.00 0.00 0.00 1.00 1.00 0.00 1.00 0.99 0.00 0.00 0.00 0.00 0.00 1.00 1.00 1.00 0.00 0.00 1.00 1.00 1.00 0.00 1.00 0.00 0.00 0.00 1.00 0.00 0.00 0.00 1.00 0.00 0.00 0.00 1.00 0.00 1.00 1.00 1.00 0.00 0.00 0.00 1.00 0.00 1.00 0.00 0.00 0.00 1.00 1.00 1.00 1.00 1.00 1.00 1.00 0.00 0.00 0.00 0.00 0.00 1.00 1.00 0.00 0.00 0.00 0.00 0.00 0.00 1.00 1.00 0.00 0.00 0.00 1.00 0.00 1.00 0.00 0.00 0.00 1.00 1.00 1.00 0.00 0.00 0.00 1.00 0.00 1.00 0.00 0.00 1.00 1.00 0.00 0.00 1.00 1.00 1.00 1.00 1.00 1.00 1.00 1.00 1.00 0.00 0.00 0.00 0.00 1.00 0.00
