100
2 2
0.50 0.50
4 2
0.00 0.00 1.00 1.00
3 2
0.50 0.75 1.00
16 8
0.97 0.00 0.00 0.02 0.83 0.52 0.00 0.52 0.02 0.02 0.71 0.66 0.82 0.01 0.02 0.66
16 6
0.49 0.52 0.54 0.49 0.52 0.49 0.51 0.50 0.52 0.50 0.50 0.54 0.54 0.52 0.52 0.50
4 4
0.50 0.50 0.50 0.50
16 14
0.04 0.83 0.75 0.02 0.87 0.03 0.22 0.06 0.21 0.93 0.55 0.06 0.36 0.90 0.43 0.80
16 4
0.02 0.68 0.04 0.67 0.65 0.64 0.62 0.61 0.68 0.66 0.65 0.65 0.02 0.02 0.66 0.67
16 8
0.02 0.34 0.01 0.41 0.20 0.45 0.00 0.02 0.01 0.00 0.16 0.49 0.02 0.02 0.00 0.08
4 2
0.00 1.00 1.00 1.00
16 8
0.94 0.02 0.05 0.02 0.98 0.97 0.94 0.96 0.05 0.98 0.03 0.00 0.96 0.08 0.07 0.93
4 2
0.00 0.00 0.00 0.00
2 2
1.00 1.00
12 12
0.48 0.45 0.06 0.82 0.89 0.44 0.69 0.50 0.60 0.51 0.80 0.46
8 4
1.00 1.00 0.00 0.00 1.00 0.00 1.00 1.00
8 2
0.00 0.00 1.00 1.00 0.00 1.00 1.00 0.00
16 8
0.01 0.02 0.00 0.00 0.00 0.90 0.79 0.79 0.01 0.62 0.02 0.80 0.86 0.97 0.69 0.00
16 10
0.37 0.31 0.50 0.40 0.48 0.34 0.43 0.40 0.56 0.43 0.38 0.61 0.36 0.57 0.61 0.60
16 10
0.63 0.61 0.41 0.62 0.32 0.51 0.42 0.63 0.66 0.67 0.53 0.68 0.63 0.38 0.34 0.46
3 2
1.00 0.00 0.00
16 2
0.78 0.27 0.75 0.88 1.00 0.08 0.90 0.45 0.26 0.97 0.96 0.06 0.43 0.39 0.07 0.64
16 8
0.04 0.00 0.05 0.01 0.67 0.00 0.63 0.06 0.03 0.05 0.10 0.68 0.01 0.66 0.04 0.07
16 14
0.98 0.99 0.98 1.00 0.99 1.00 0.99 0.99 0.99 0.98 0.98 0.98 1.00 0.99 1.00 0.99
16 6
0.53 0.53 0.52 0.51 0.51 0.49 0.50 0.52 0.50 0.51 0.49 0.53 0.53 0.53 0.50 0.52
16 10
0.54 0.66 0.28 0.48 0.35 0.29 0.69 0.21 0.31 0.57 0.21 0.33 0.38 0.39 0.46 0.50
16 6
0.52 0.53 0.50 0.52 0.49 0.51 0.52 0.51 0.53 0.53 0.50 0.51 0.49 0.53 0.49 0.53
12 12
0.65 0.65 0.22 0.13 0.26 0.16 0.09 0.57 0.67 0.64 0.57 0.68
16 8
0.65 0.60 0.64 0.65 0.63 0.62 0.62 0.63 0.03 0.04 0.07 0.03 0.66 0.65 0.69 0.66
16 12
0.69 0.65 0.03 0.08 0.67 0.70 0.69 0.70 0.65 0.63 0.04 0.03 0.60 0.60 0.66 0.61
3 2
0.30 0.80 0.50
16 8
0.99 0.97 0.99 0.78 1.00 0.98 0.65 0.98 0.99 0.98 0.99 0.79 1.00 0.56 0.63 1.00
12 10
0.46 0.11 0.59 0.87 0.43 0.97 0.45 0.64 0.71 0.25 0.08 0.97
4 2
0.00 0.02 0.00 1.00
4 4
0.01 0.98 0.99 0.01
2 2
0.05 0.45
16 6
0.52 0.50 0.50 0.49 0.54 0.50 0.52 0.50 0.52 0.51 0.54 0.48 0.52 0.54 0.49 0.52
16 10
0.62 0.63 0.67 0.66 0.63 0.53 0.51 0.63 0.61 0.41 0.46 0.68 0.42 0.34 0.32 0.37
16 10
0.02 0.66 0.01 0.65 0.69 0.04 0.70 0.70 0.62 0.62 0.65 0.70 0.67 0.05 0.68 0.68
16 10
0.98 1.00 0.99 1.00 0.98 0.98 0.98 0.99 1.00 0.98 1.00 0.98 0.99 1.00 1.00 1.00
4 4
0.00 0.00 1.00 1.00
2 2
0.00 0.00
16 10
0.50 0.35 0.28 0.66 0.69 0.39 0.33 0.38 0.46 0.20 0.54 0.31 0.48 0.29 0.21 0.57
8 4
1.00 1.00 1.00 1.00 1.00 0.00 1.00 1.00
16 8
0.98 0.40 0.08 0.06 1.00 0.25 1.00 0.01 0.99 1.00 0.41 0.10 1.00 0.98 1.00 0.48
2 2
0.00 0.50
16 10
0.50 0.49 0.50 0.49 0.51 0.50 0.49 0.49 0.51 0.50 0.49 0.50 0.50 0.49 0.50 0.50
16 10
0.02 0.01 0.02 0.01 0.00 0.00 0.01 0.02 0.02 0.02 0.02 0.01 0.02 0.01 0.02 0.01
8 6
1.00 0.00 0.00 1.00 1.00 1.00 1.00 1.00
8 2
0.00 1.00 1.00 1.00 1.00 0.00 1.00 0.00
8 4
0.00 1.00 1.00 1.00 1.00 1.00 0.00 1.00
16 6
0.63 0.60 0.05 0.69 0.65 0.09 0.68 0.68 0.66 0.61 0.04 0.64 0.07 0.68 0.60 0.67
16 10
0.78 0.79 0.45 0.64 0.69 0.36 0.62 0.75 0.41 0.55 0.68 0.71 0.40 0.49 0.64 0.59
16 8
0.46 0.99 0.26 0.11 1.00 0.35 1.00 0.99 0.11 0.98 1.00 1.00 0.38 0.04 0.99 0.48
16 10
0.64 0.69 0.68 0.49 0.41 0.45 0.39 0.78 0.62 0.75 0.79 0.59 0.71 0.55 0.36 0.64
4 2
0.98 0.00 1.00 1.00
3 2
0.60 0.50 0.40
8 2
1.00 1.00 1.00 1.00 1.00 1.00 1.00 1.00
16 8
0.44 0.00 0.15 0.01 0.02 0.25 0.02 0.02 0.02 0.01 0.39 0.23 0.00 0.33 0.50 0.28
16 6
0.00 0.01 0.01 0.00 0.02 0.00 0.02 0.01 0.01 0.02 0.00 0.02 0.01 0.00 0.02 0.00
16 8
1.00 0.89 0.68 1.00 0.74 0.98 0.78 0.93 0.99 0.99 0.90 1.00 0.73 1.00 1.00 0.99
16 2
0.05 0.02 0.09 0.05 0.04 0.66 0.02 0.67 0.64 0.09 0.00 0.67 0.03 0.06 0.10 0.07
16 10
0.08 0.06 0.05 0.02 0.07 0.62 0.08 0.62 0.02 0.01 0.04 0.02 0.65 0.70 0.08 0.08
8 2
1.00 1.00 1.00 1.00 0.00 1.00 0.00 1.00
16 6
0.71 0.19 0.58 0.06 0.17 0.52 0.07 0.74 0.02 0.15 0.07 0.14 0.83 0.14 0.32 0.69
4 2
0.01 0.99 0.01 0.98
16 10
0.24 0.12 0.75 0.80 0.92 0.19 0.25 0.77 0.43 0.86 0.86 1.00 0.38 0.35 0.83 0.05
8 4
1.00 1.00 1.00 1.00 1.00 1.00 1.00 1.00
8 6
1.00 1.00 1.00 1.00 0.00 1.00 1.00 1.00
16 2
0.03 0.70 0.61 0.61 0.69 0.61 0.64 0.61 0.00 0.07 0.66 0.65 0.66 0.69 0.68 0.05
16 6
0.50 0.69 0.39 0.41 0.42 0.46 0.44 0.48 0.40 0.67 0.36 0.35 0.47 0.42 0.67 0.34
3 2
0.10 0.50 0.80
8 2
1.00 1.00 1.00 1.00 0.00 1.00 1.00 1.00
3 2
0.50 0.50 0.50
16 2
0.02 0.00 0.01 0.02 0.00 0.00 0.02 0.01 0.01 0.01 0.02 0.02 0.01 0.01 0.02 0.02
16 6
0.50 0.51 0.51 0.51 0.50 0.51 0.51 0.50 0.49 0.49 0.49 0.50 0.50 0.50 0.50 0.50
16 6
0.67 0.10 0.07 0.10 0.10 0.09 0.04 0.04 0.01 0.06 0.62 0.63 0.08 0.02 0.05 0.62
16 2
0.50 0.49 0.51 0.49 0.49 0.51 0.50 0.51 0.50 0.49 0.51 0.51 0.51 0.49 0.49 0.49
16 14
0.64 0.68 0.67 0.70 0.64 0.62 0.03 0.05 0.65 0.67 0.60 0.01 0.62 0.04 0.70 0.68
16 8
0.01 0.10 0.06 0.16 0.05 0.49 0.03 0.28 0.01 0.31 0.09 0.78 0.02 0.02 0.88 0.81
2 2
1.00 0.00
16 8
0.13 0.10 0.56 0.10 0.03 0.02 0.67 0.07 0.11 0.20 0.09 0.72 0.17 0.02 0.06 0.60
4 2
0.00 0.00 0.00 1.00
3 2
0.04 0.01 0.02
16 8
0.97 0.98 0.94 0.93 0.07 0.94 0.92 0.08 0.00 0.90 0.02 0.03 0.06 0.98 0.04 0.06
16 8
0.10 0.06 0.95 0.02 0.96 1.00 0.05 0.92 0.00 0.98 0.08 0.99 0.10 0.95 0.91 0.10
4 2
0.00 0.00 0.02 0.00
8 6
0.00 0.00 1.00 1.00 0.00 1.00 1.00 1.00
16 8
0.06 0.08 0.06 0.07 0.32 0.34 0.23 0.92 0.01 0.07 0.28 0.90 0.97 0.05 0.00 0.03
16 14
0.00 0.00 0.01 0.02 0.02 0.00 0.00 0.00 0.01 0.01 0.01 0.01 0.01 0.02 0.00 0.02
8 6
1.00 1.00 1.00 1.00 1.00 1.00 1.00 1.00
16 14
0.32 0.46 0.42 0.40 0.37 0.33 0.41 0.48 0.59 0.64 0.34 0.45 0.58 0.36 0.68 0.51
8 4
0.00 1.00 1.00 0.00 0.00 1.00 0.00 1.00
16 4
0.09 0.70 0.00 0.66 0.05 0.62 0.06 0.06 0.10 0.60 0.06 0.06 0.09 0.01 0.10 0.05
16 6
0.98 1.00 0.99 0.99 0.99 0.98 0.99 0.99 1.00 0.98 0.98 0.99 0.99 0.98 1.00 0.98
16 2
0.51 0.44 0.66 0.48 0.39 0.51 0.54 0.61 0.47 0.50 0.51 0.41 0.36 0.65 0.46 0.60
8 6
1.00 0.00 1.00 0.00 1.00 0.00 1.00 0.00
16 14
0.60 0.00 0.06 0.05 0.10 0.63 0.06 0.02 0.05 0.03 0.66 0.62 0.05 0.02 0.02 0.06
16 14
0.51 0.51 0.50 0.51 0.49 0.51 0.51 0.50 0.50 0.49 0.49 0.50 0.50 0.51 0.50 0.49
16 12
0.03 0.07 0.00 0.64 0.66 0.00 0.06 0.05 0.03 0.04 0.64 0.06 0.09 0.69 0.10 0.00
16 2
1.00 0.98 0.99 0.98 1.00 0.98 0.98 1.00 0.98 0.99 0.99 1.00 1.00 0.98 0.98 1.00
