100
4 3
4 5 6 4
4 2
4 5 6 4
3 3
1 1 1
1 3
61
17 2
10 20 29 58 61 48 69 33 80 79 16 39 20 96 62 94 2
19 4
70 68 31 82 47 54 10 57 37 25 51 53 38 87 65 70 71 45 43
1 3
36
1 4
52
16 3
83 44 17 39 20 81 68 67 94 22 97 31 85 80 10 68
16 4
23 59 69 7 43 41 45 45 37 57 37 41 49 66 81 27
2 3
29 26
25 4
11 19 38 14 82 50 13 11 51 23 75 37 83 51 43 61 31 97 26 65 11 11 49 28 9
100 4
29 37 35 22 45 33 59 1 13 97 27 9 22 46 95 65 60 49 9 85 21 10 34 89 10 22 53 94 78 21 27 61 17 14 85 1 55 21 18 13 49 66 90 81 82 65 87 9 65 83 26 46 91 34 19 82 13 33 61 18 97 18 49 94 18 41 69 46 69 78 10 38 25 27 29 55 13 41 31 66 85 97 41 49 65 49 90 5 86 30 1 1 93 81 58 22 97 42 97 88
17 3
17 89 25 68 95 41 41 43 41 5 64 71 67 53 17 55 17
23 3
73 31 32 59 65 89 44 79 23 52 20 60 95 22 4 53 20 17 82 85 56 56 74
18 4
41 12 37 25 83 4 68 76 71 89 25 67 71 89 91 63 53 71
1 2
36
18 4
83 53 7 55 93 85 97 59 80 29 57 55 25 23 35 65 23 89
20 4
87 79 85 97 25 7 3 19 65 31 52 85 71 75 1 63 75 83 79 85
14 4
49 93 51 12 75 33 27 86 61 87 59 35 57 57
100 4
30 41 30 89 46 86 41 39 47 49 59 21 15 65 38 33 5 30 54 9 51 58 94 17 7 75 10 43 79 54 94 82 20 26 31 26 33 14 17 62 57 85 29 19 7 86 47 7 10 57 53 31 41 2 30 78 31 95 25 87 13 45 27 85 39 82 50 39 23 55 90 25 5 87 62 18 31 5 94 46 69 11 79 35 63 63 14 85 26 91 66 41 89 25 9 27 94 81 5 67
100 3
35 46 31 32 49 37 19 25 95 28 44 58 79 19 20 43 70 82 22 59 58 32 6 25 5 76 38 40 74 65 73 52 31 4 43 97 27 71 28 82 8 34 71 23 76 44 23 73 4 28 23 13 67 47 7 88 41 94 60 88 69 2 53 90 28 68 31 19 27 58 25 2 85 41 77 89 11 91 8 20 19 23 60 94 46 5 73 23 14 48 70 37 35 58 76 40 85 33 5 70
2 4
31 51
17 4
92 57 75 45 17 9 61 19 83 29 71 61 87 97 23 73 37
100 3
11 68 20 48 41 8 17 27 92 57 95 52 53 94 29 34 83 8 68 65 32 5 2 82 92 62 36 11 38 73 56 62 59 56 52 2 16 38 22 44 44 25 44 32 85 62 83 85 16 25 71 17 41 4 32 56 17 98 2 90 36 5 5 56 88 66 34 42 95 49 2 96 75 79 32 44 71 68 43 44 32 39 14 56 35 5 98 31 44 93 75 43 6 95 92 14 35 47 72 98
21 4
3 84 77 77 1 31 81 76 89 47 25 14 11 1 41 83 23 53 52 41 81
2 2
43 43
100 4
5 10 30 81 77 73 9 5 5 57 39 50 53 26 17 14 85 90 78 1 49 29 95 86 49 94 93 62 74 81 11 92 66 77 61 29 86 3 6 8 57 85 13 61 86 36 30 97 17 97 81 96 85 90 51 49 57 8 39 25 37 5 70 50 26 87 85 6 49 11 65 46 54 26 73 15 69 17 41 93 33 73 69 79 5 75 90 35 14 25 14 72 2 15 2 9 38 43 58 40
100 3
26 41 56 34 1 52 25 40 22 77 2 40 2 55 16 28 97 83 25 28 26 5 50 83 41 7 97 50 68 80 73 91 14 94 34 95 64 10 28 53 73 29 94 89 88 4 44 34 13 58 14 23 4 40 28 25 37 5 73 16 1 71 86 4 35 50 85 23 22 1 67 68 34 5 80 28 67 76 8 31 13 98 44 97 77 17 49 80 17 16 25 20 67 20 19 98 26 7 5 29
100 3
65 28 91 79 44 76 66 67 37 36 28 84 47 13 38 31 35 79 85 67 52 83 69 92 2 66 13 58 61 16 67 46 25 1 11 28 15 68 77 16 49 49 1 70 73 79 9 7 28 7 61 69 55 80 91 91 79 37 64 40 23 78 23 58 50 59 10 41 78 74 47 74 84 71 94 11 50 50 61 19 10 43 70 52 19 14 55 89 70 79 76 55 79 30 16 35 28 43 20 43
11 4
9 89 23 47 62 79 47 59 53 57 13
100 3
34 78 49 97 49 45 91 61 13 97 40 7 89 25 22 23 5 46 35 49 55 65 14 37 73 73 95 17 10 28 35 19 86 53 49 25 77 34 16 43 14 8 77 7 61 77 10 88 43 49 13 32 20 97 41 37 6 70 28 19 38 67 94 35 11 19 45 79 17 97 37 40 70 26 17 38 7 88 70 14 91 64 97 14 77 13 42 1 79 61 26 72 43 74 70 13 25 26 73 73
100 4
70 74 39 66 46 17 65 83 14 42 29 90 21 77 75 21 27 43 71 62 51 90 77 91 49 89 75 94 2 69 11 61 85 75 5 69 7 47 10 23 55 83 62 39 6 67 71 38 75 78 31 14 61 21 5 65 58 30 70 23 43 94 29 89 9 34 95 54 13 55 25 54 5 26 69 29 94 90 97 9 35 23 85 7 65 35 58 57 41 91 74 47 63 62 78 66 14 41 43 63
15 4
85 83 53 85 69 45 89 39 55 93 89 95 89 3 69
100 2
25 9 47 51 11 7 89 78 70 99 17 49 57 23 92 64 21 81 85 38 41 24 30 8 31 30 30 56 9 71 41 22 52 15 59 64 12 34 77 91 12 9 62 69 78 68 16 81 74 37 2 66 99 89 92 82 60 90 44 64 89 76 90 99 51 14 53 61 68 68 14 49 7 79 63 34 38 42 37 30 41 84 96 35 65 33 23 62 51 83 12 19 46 21 64 72 80 12 48 27
19 4
42 1 90 55 59 75 59 19 78 85 81 43 63 66 39 93 65 31 23
100 4
22 9 61 26 1 94 96 1 61 13 47 93 81 62 29 81 45 73 18 1 61 87 81 35 85 5 5 81 17 71 19 81 46 45 73 82 58 5 53 89 85 38 49 21 41 2 85 22 29 37 43 71 30 33 77 6 27 28 66 9 39 18 21 29 85 74 92 18 78 50 51 82 22 54 67 85 45 1 42 5 25 14 39 76 8 35 45 26 31 61 21 3 94 4 22 17 5 43 33 94
100 4
47 38 39 18 93 91 54 66 71 23 42 11 75 74 58 58 5 8 72 21 83 66 91 22 11 2 89 50 55 7 30 39 59 55 30 67 29 87 49 26 69 14 3 94 19 50 43 38 63 43 9 47 93 63 74 15 76 67 75 14 75 35 95 15 94 59 95 22 95 37 87 2 25 49 75 31 22 77 91 74 8 31 75 71 39 57 6 93 42 82 19 58 19 21 22 86 71 32 55 27
100 3
93 95 47 50 55 57 11 14 98 74 65 73 44 26 44 50 58 22 9 83 65 66 83 44 70 11 47 35 94 56 65 2 46 65 5 41 71 91 59 11 44 47 91 83 29 56 14 25 97 83 76 38 26 11 56 40 32 80 95 5 92 9 85 15 35 56 74 39 26 54 49 11 28 59 35 73 58 91 35 77 71 95 24 65 53 79 20 19 55 19 5 83 56 32 83 13 29 68 95 1
19 4
60 79 17 31 3 49 31 15 45 84 45 71 30 72 8 9 83 93 5
16 3
4 26 22 7 5 17 64 89 2 17 56 86 50 85 98 8
100 3
19 98 95 64 83 21 98 89 74 77 53 38 17 37 79 44 95 29 5 68 74 26 61 98 44 56 1 78 9 83 26 16 88 29 8 33 77 13 80 46 20 20 79 86 74 90 37 65 73 44 65 26 71 86 43 44 57 47 90 81 56 26 64 77 83 57 64 7 94 51 50 13 78 82 62 38 75 88 64 70 1 29 71 79 31 89 72 68 20 75 1 89 6 5 56 53 71 71 29 38
24 3
91 74 86 67 17 67 71 29 41 81 5 9 17 76 1 86 47 2 56 39 40 5 98 83
21 3
43 44 20 82 17 58 85 31 43 67 82 4 40 82 73 27 5 76 37 22 83
100 3
17 77 19 70 2 37 43 7 58 14 59 71 22 58 67 8 7 17 31 23 28 46 43 1 32 32 83 95 44 75 7 86 4 7 47 56 22 35 68 73 70 14 10 93 89 64 2 34 65 76 47 50 32 56 35 50 41 47 58 97 53 59 98 14 74 63 83 81 19 46 95 23 50 62 92 83 52 65 2 14 83 59 11 98 31 60 11 71 27 25 94 47 57 77 26 53 22 23 28 47
14 4
63 15 37 59 77 39 69 35 93 61 97 75 14 55
21 4
1 42 65 37 35 95 75 85 28 3 33 21 67 83 33 19 73 5 85 13 61
19 4
65 21 77 23 27 83 24 5 65 71 46 33 53 15 77 31 59 79 15
25 4
41 25 73 1 79 37 7 37 57 77 67 89 45 7 93 77 81 78 89 11 41 53 77 7 85
1 3
14
24 4
81 5 89 15 93 95 95 81 29 17 89 73 87 81 53 29 95 61 49 45 65 41 47 97
16 4
13 49 3 61 46 23 23 97 27 5 81 91 49 15 26 82
3 4
46 74 70
23 4
87 97 79 43 74 59 27 81 55 3 87 77 5 65 79 1 33 15 31 24 7 24 57
15 3
35 80 40 94 27 7 83 25 77 28 10 92 35 52 50
100 3
95 79 41 3 62 72 31 35 66 89 74 55 93 25 4 90 43 73 18 2 91 18 20 35 74 46 57 59 96 93 28 34 73 89 44 53 54 80 52 36 26 93 40 26 23 65 98 64 88 76 21 30 89 39 18 93 34 50 48 55 41 84 92 75 34 85 31 50 86 68 61 66 12 84 26 8 12 85 4 78 17 59 31 37 1 29 40 22 25 37 75 66 34 87 14 96 69 68 60 24
28 3
22 46 55 7 46 29 7 8 64 71 1 88 96 25 77 25 4 26 70 28 61 77 67 6 20 40 31 2
1 4
87
100 4
7 46 14 73 85 23 45 62 27 10 9 46 13 57 74 91 25 21 54 33 73 13 85 21 5 63 13 49 57 65 9 39 7 17 81 13 21 89 17 57 34 49 34 79 37 58 29 14 12 5 66 97 61 12 5 33 10 18 62 65 65 61 8 1 82 97 95 54 77 26 45 97 81 69 5 41 30 42 89 70 17 58 66 85 54 31 21 21 5 61 9 97 97 69 34 22 8 57 46 59
100 4
30 91 65 79 37 20 29 65 61 21 54 17 79 11 90 25 49 77 6 46 58 9 34 69 26 97 25 53 2 38 89 41 49 49 24 30 59 93 24 34 95 17 47 53 41 37 45 87 83 73 12 73 77 46 61 26 13 46 21 13 29 70 13 68 73 73 19 17 46 43 49 1 97 25 93 35 94 45 24 1 22 71 65 59 69 45 11 49 62 19 46 34 77 1 85 29 25 90 93 78
100 3
92 52 1 64 50 5 26 58 46 67 28 73 7 55 16 38 39 14 13 68 77 64 25 28 79 61 94 52 1 70 31 76 4 46 22 12 68 58 8 1 12 34 4 38 19 67 91 50 87 85 94 25 76 49 19 70 2 4 94 6 31 58 1 44 31 26 16 76 58 73 25 68 82 19 55 82 45 17 46 85 43 5 9 73 82 40 91 87 22 75 59 11 43 74 73 73 64 37 70 22
13 4
35 23 47 15 28 21 93 59 31 85 9 73 29
4 4
3 35 67 79
20 4
12 23 93 40 95 21 21 92 61 29 79 45 75 45 33 45 59 85 21 59
16 3
46 16 62 46 97 21 48 43 47 57 35 8 59 41 82 28
100 3
25 49 98 53 70 50 2 76 70 86 22 13 32 13 82 46 64 62 73 67 97 28 4 75 94 50 55 35 52 28 84 40 55 97 28 30 31 27 1 37 12 85 54 55 97 77 25 34 30 97 1 28 67 97 31 76 29 57 13 7 55 26 29 25 34 29 27 52 67 31 27 82 52 7 89 90 1 11 31 4 94 49 70 46 16 5 10 59 66 85 17 11 82 79 88 80 40 47 34 49
21 4
83 75 69 3 54 57 95 6 1 9 48 9 49 71 24 42 23 72 17 20 51
17 3
31 98 25 73 80 98 86 31 58 35 41 25 26 82 7 50 79
3 3
71 65 47
10 3
20 25 85 47 16 86 14 41 37 97
100 4
69 42 25 11 14 1 52 68 76 45 93 30 38 94 35 93 89 39 14 39 92 27 17 1 96 91 38 3 5 4 70 49 52 63 17 61 93 71 59 16 55 38 96 34 74 21 76 25 10 82 32 54 59 51 25 40 10 81 62 71 39 32 17 22 18 59 71 54 62 13 14 84 59 60 42 59 12 88 2 12 91 64 56 41 84 69 82 9 52 55 75 3 93 16 87 28 27 40 25 30
14 4
33 9 49 25 90 87 53 66 83 30 75 59 27 26
22 4
31 74 73 77 81 43 15 50 73 18 59 50 39 89 17 89 97 69 57 66 16 63
2 4
5 13
100 3
78 64 17 26 89 32 28 94 83 19 82 77 80 34 58 94 88 57 22 17 58 31 16 94 48 68 59 55 55 76 52 5 9 10 52 83 32 28 65 19 85 34 47 59 7 15 22 33 54 34 70 54 77 67 19 11 14 27 28 33 24 70 52 1 52 84 71 13 36 3 97 40 83 79 10 46 25 55 11 41 13 35 76 21 88 9 34 43 31 67 94 64 46 65 7 32 13 49 73 97
1 4
37
2 4
14 62
1 2
17
18 4
9 69 65 87 46 59 61 37 37 49 29 51 40 75 39 41 75 93
10 4
67 19 49 83 33 29 17 49 63 55
26 4
63 11 78 43 17 8 6 97 62 82 38 95 13 59 41 71 11 83 3 54 13 49 48 32 39 23
100 3
77 55 16 89 44 28 16 26 19 68 49 91 56 76 34 28 23 52 11 34 80 94 53 56 11 5 43 68 26 1 86 58 14 86 58 53 70 97 76 37 14 76 98 61 14 55 77 49 22 77 52 11 10 28 38 32 71 91 11 34 59 26 83 53 13 91 71 71 73 82 76 4 2 5 37 29 56 43 76 76 70 95 35 19 68 71 44 44 64 2 46 86 46 4 94 13 92 94 38 77
100 4
51 15 11 17 62 3 87 13 66 75 63 1 94 55 31 70 73 39 7 95 27 75 23 15 7 23 94 74 73 75 86 61 94 39 27 75 83 55 2 53 81 93 47 4 49 62 91 71 11 43 3 7 29 68 35 10 75 81 47 11 97 3 95 7 80 59 19 86 82 25 90 82 13 95 47 79 18 23 67 25 63 94 43 1 94 35 54 15 83 7 23 42 35 43 70 77 73 15 79 83
1 4
2
13 4
71 57 11 81 87 9 89 17 43 11 35 9 27
100 4
55 16 58 74 84 57 81 75 33 35 33 33 9 65 51 71 40 93 2 29 25 45 94 27 70 25 97 66 93 1 26 58 3 77 45 73 30 35 78 30 69 90 69 85 69 97 13 58 18 59 75 45 92 46 22 44 93 38 1 3 30 42 17 42 61 33 69 30 25 46 13 71 53 13 74 86 83 39 5 53 23 66 42 89 54 22 74 61 61 34 66 7 77 85 41 78 49 45 25 58
23 4
11 27 11 38 64 48 93 86 23 17 70 83 9 46 77 29 80 18 9 96 79 73 26
3 4
95 3 39
18 2
26 64 73 78 86 77 65 42 24 44 95 34 51 50 87 44 47 92
17 4
77 23 55 20 12 5 65 95 43 55 92 21 69 20 57 75 51
12 3
65 61 17 34 40 65 4 23 76 61 17 51
24 4
81 91 87 14 30 63 91 79 29 21 91 59 45 10 81 74 33 62 60 49 67 19 82 33
2 3
58 64
22 4
45 39 63 15 25 81 39 77 79 5 3 89 65 21 89 45 77 33 15 4 40 3
29 4
33 73 61 46 42 67 59 83 43 54 83 22 47 43 43 23 69 43 13 1 11 83 51 2 95 15 63 59 87
100 4
73 30 74 53 49 93 82 23 30 50 94 46 61 41 33 26 35 64 1 53 95 86 34 95 79 59 17 34 45 25 37 65 93 23 73 57 85 90 31 85 68 42 70 90 18 27 70 57 42 65 39 39 17 81 5 6 6 9 60 5 2 18 37 31 59 91 33 81 29 62 82 25 5 47 65 50 25 53 4 25 87 68 29 13 21 35 3 1 59 90 97 70 49 97 81 29 79 69 29 62
100 4
65 35 41 70 29 55 73 61 74 73 25 65 97 34 70 62 54 30 21 25 75 25 70 33 29 66 51 45 80 49 13 78 8 95 62 53 14 10 29 57 7 53 85 45 45 57 1 97 93 37 18 15 70 37 87 51 75 10 97 17 9 70 49 14 61 78 45 58 62 69 55 95 62 17 81 41 1 82 37 86 17 27 58 20 66 53 17 45 97 93 33 22 89 13 63 37 63 50 65 53
25 4
13 75 29 77 15 93 34 13 1 59 39 80 67 15 41 75 64 27 78 89 19 94 71 43 35
18 4
3 27 73 48 21 72 24 25 9 71 84 55 45 81 10 67 31 51
100 4
79 73 85 49 94 55 38 18 82 92 17 89 13 85 83 96 78 89 41 29 37 70 73 4 18 33 61 96 33 81 30 27 5 65 81 2 50 17 79 48 62 65 41 75 5 37 49 37 42 5 56 17 25 85 34 17 5 13 5 54 79 31 17 53 14 9 1 18 25 13 46 86 45 93 43 34 26 89 29 1 97 1 40 57 41 56 33 77 49 9 18 10 57 54 1 51 81 77 38 17
