100
4 3
4 5 6 4
4 2
4 5 6 4
3 3
1 1 1
100 3
85 67 51 88 26 25 77 22 73 26 58 91 67 37 32 28 61 94 82 28 34 31 34 26 73 13 48 2 70 50 28 7 54 61 47 34 13 13 67 28 76 13 22 71 70 92 52 43 88 90 52 79 62 28 76 85 55 85 79 44 65 4 72 49 7 10 65 32 84 79 7 19 13 33 29 32 8 7 12 91 1 1 56 19 40 83 28 66 61 22 56 47 97 77 37 82 30 1 48 37
100 3
2 85 53 17 29 17 49 13 5 71 65 53 56 41 76 42 88 50 81 98 50 35 22 23 77 35 93 11 88 20 92 98 94 53 7 8 83 77 30 85 43 86 81 36 23 32 82 29 95 70 61 28 86 37 71 55 15 2 23 7 43 50 1 5 77 5 53 58 64 92 7 81 65 71 2 19 16 31 11 23 91 13 88 92 44 31 91 13 47 44 53 52 27 2 80 50 56 25 51 14
100 3
66 39 94 16 76 88 91 61 27 22 57 61 74 94 37 52 56 5 79 31 86 96 97 31 31 91 47 18 72 22 62 17 37 71 37 16 4 56 49 50 90 84 61 45 43 98 94 37 58 2 19 71 32 11 31 7 8 10 76 29 64 70 62 70 82 32 10 80 4 25 73 60 82 52 1 37 38 19 28 67 46 10 9 98 94 31 41 22 91 69 92 88 19 68 41 63 67 28 34 91
100 3
77 94 79 89 2 44 4 55 45 63 10 70 85 20 55 25 77 1 10 1 64 4 98 85 71 47 77 93 31 94 68 31 79 28 44 71 22 70 27 90 73 79 25 25 64 79 21 52 4 94 64 37 88 94 5 13 46 37 16 55 48 25 91 35 8 53 94 34 28 52 49 71 88 2 88 71 31 28 22 34 51 28 71 13 34 11 39 10 91 80 98 67 77 88 82 71 95 23 83 44
100 3
43 70 82 14 98 57 37 34 41 89 70 58 76 43 7 65 46 40 2 32 49 94 11 26 64 18 79 46 73 20 6 87 91 82 77 16 73 65 85 46 88 61 58 58 79 49 49 47 43 32 82 25 70 34 32 16 70 19 40 24 70 93 38 48 49 47 88 31 55 61 79 73 55 68 56 1 28 34 67 49 1 92 16 81 37 16 58 45 86 55 59 52 35 7 78 33 8 97 58 73
1 3
28
100 3
56 59 16 2 25 71 52 5 95 40 28 60 11 79 25 80 27 90 62 31 10 91 2 7 53 29 73 29 44 34 8 25 2 31 42 95 10 47 86 55 20 7 71 47 71 47 42 50 55 68 52 5 56 50 4 29 92 13 23 26 38 46 32 17 79 88 30 2 82 19 60 68 80 61 68 29 95 74 95 61 44 68 20 43 86 17 16 40 29 98 55 8 81 95 34 67 53 11 17 44
100 3
73 49 43 10 76 79 92 1 34 80 64 10 1 55 61 73 29 21 16 2 64 41 94 28 37 46 68 61 10 89 57 49 55 31 47 89 85 29 58 26 64 43 44 86 94 64 53 91 73 91 91 86 43 26 23 22 67 55 20 50 7 83 11 20 35 38 6 11 4 79 34 23 86 92 7 65 70 4 14 46 77 74 98 19 95 7 56 43 31 65 96 74 94 55 16 64 55 32 43 77
100 3
49 25 67 82 13 89 80 49 44 47 10 61 2 14 39 17 68 22 59 53 58 43 7 36 73 16 43 37 16 65 7 10 91 55 45 37 85 66 91 62 31 76 70 25 73 30 86 70 19 53 38 71 1 7 73 26 64 89 90 42 56 73 51 26 17 4 89 17 86 13 61 13 86 16 19 55 37 74 62 26 85 41 32 46 88 70 10 52 28 7 24 59 49 80 22 94 73 79 86 70
100 3
34 16 32 97 47 32 37 28 32 33 68 38 46 4 53 91 3 65 7 7 58 4 52 50 73 13 94 91 66 91 76 50 13 22 35 28 46 1 95 65 40 10 44 68 52 38 25 81 36 52 97 9 16 56 55 55 43 44 69 70 25 10 79 97 9 41 74 23 11 5 95 22 64 1 16 74 70 92 79 38 44 85 67 24 17 95 61 86 46 79 63 85 19 32 61 40 61 64 80 73
17 3
91 94 34 15 4 74 50 88 2 15 8 21 19 14 65 22 23
100 3
18 40 47 88 1 4 71 72 22 98 32 1 40 36 56 67 74 20 46 35 27 52 55 19 77 35 44 17 19 29 5 20 21 74 71 14 46 82 29 44 65 95 41 20 49 8 11 80 20 21 40 98 76 53 57 93 59 53 17 47 56 14 64 34 24 89 92 74 98 69 52 28 68 26 98 55 75 68 50 25 76 8 76 66 23 5 27 50 1 62 62 74 86 88 33 5 74 68 62 33
100 3
8 71 11 11 95 28 8 67 48 53 75 48 44 60 95 35 95 5 88 62 77 49 60 22 98 74 22 38 98 97 95 13 59 4 23 4 83 68 23 98 61 17 83 62 58 36 47 13 49 41 93 82 65 89 16 52 69 75 95 91 18 86 5 89 14 33 46 31 80 46 35 92 19 35 64 67 63 42 57 73 62 50 86 22 50 66 46 83 11 70 83 11 5 59 7 17 78 74 95 86
100 3
93 86 17 53 23 41 38 17 83 32 43 2 95 98 8 7 40 23 74 40 56 23 2 44 56 41 97 55 26 80 50 36 35 38 8 73 56 41 74 29 89 84 43 47 17 47 68 26 62 45 55 47 11 40 69 55 58 5 80 80 85 94 86 26 62 44 14 85 65 56 67 62 44 29 19 58 98 65 35 68 9 26 38 14 29 58 70 32 38 43 76 47 1 52 43 95 44 50 93 33
100 3
73 82 18 94 88 94 59 85 17 58 51 11 22 53 74 10 10 77 70 74 94 8 28 73 25 88 43 73 76 32 30 22 20 26 46 36 49 19 18 22 59 95 92 46 37 4 83 61 80 22 26 52 73 69 62 88 34 46 32 92 55 15 52 22 52 92 70 19 34 19 21 76 10 10 47 26 32 61 49 55 15 71 22 23 28 69 19 86 16 31 65 79 74 20 52 50 43 9 72 70
17 3
43 95 2 82 92 5 44 54 68 97 79 91 58 35 85 25 47
100 3
31 37 28 89 4 10 23 82 59 52 23 58 61 85 33 26 46 67 55 50 85 2 16 40 22 55 32 58 72 28 4 65 61 76 35 25 31 82 65 40 44 19 19 64 16 77 88 46 65 7 1 60 19 82 37 56 50 34 16 64 92 7 65 43 11 16 85 85 17 91 50 70 16 73 13 28 61 19 28 40 76 26 56 67 34 58 71 65 64 94 17 13 76 91 46 74 96 56 49 13
100 3
26 86 87 33 56 36 26 50 95 41 71 59 61 26 36 73 50 55 26 95 2 68 23 74 60 84 62 73 14 44 61 5 77 83 97 62 67 7 47 10 8 36 62 60 64 28 86 43 77 20 52 14 26 56 7 38 5 2 32 20 44 17 83 48 34 10 52 19 61 28 62 7 37 95 67 43 69 10 79 92 68 34 83 33 2 68 41 32 53 59 87 97 1 29 5 77 55 16 74 26
1 3
62
100 3
10 88 93 78 20 71 32 50 59 29 56 8 66 50 29 20 46 20 80 26 2 32 77 62 59 26 22 95 15 88 71 66 73 11 74 47 50 47 11 8 28 61 22 49 2 53 11 20 45 77 43 68 4 83 67 47 17 18 68 15 4 74 38 92 95 85 77 64 8 8 44 27 11 64 10 23 26 68 36 13 71 13 8 59 95 98 74 55 5 49 86 46 14 77 92 29 39 61 91 11
100 3
41 6 73 62 86 26 32 16 65 86 47 47 58 16 65 44 74 56 77 82 65 95 73 65 83 50 74 4 22 64 76 50 63 52 92 40 20 68 59 46 77 26 85 29 38 76 13 73 26 31 64 70 2 59 74 67 91 35 85 23 72 12 91 29 70 4 75 95 9 80 80 71 92 26 86 32 49 38 68 20 62 58 41 5 1 91 10 23 50 89 29 92 2 9 65 8 86 53 57 22
100 3
81 25 55 10 25 19 18 41 2 1 44 5 79 27 14 50 65 27 4 2 55 67 54 16 40 55 16 28 31 77 43 79 92 70 51 17 19 49 85 16 53 4 53 73 21 73 7 29 4 91 34 96 74 34 51 40 94 39 82 37 10 17 82 28 78 82 32 95 26 85 82 26 68 78 95 73 43 16 13 34 28 54 40 60 34 16 91 4 88 40 80 80 47 58 58 82 10 68 80 93
100 3
5 62 79 68 47 64 76 82 17 77 21 79 37 11 19 98 59 44 58 62 67 25 38 34 80 71 94 75 55 27 1 25 73 79 18 25 64 94 85 7 70 64 77 37 98 47 26 87 94 58 20 77 20 70 61 58 13 33 88 24 64 14 32 91 11 69 90 44 88 46 1 32 70 88 16 29 94 35 67 20 4 55 10 16 49 19 40 34 63 29 86 22 76 12 55 49 55 94 10 32
100 3
87 50 45 49 83 91 97 64 67 59 50 66 19 32 91 19 97 10 52 68 94 94 31 22 25 91 48 84 67 32 56 52 54 76 88 34 16 26 38 20 73 58 28 79 16 84 43 12 74 85 68 13 85 16 65 46 10 13 61 63 65 80 1 37 48 58 49 1 85 80 79 93 74 38 64 19 98 31 38 41 43 70 97 17 68 44 52 73 50 49 43 42 43 13 1 25 16 16 95 97
100 3
38 39 11 86 28 68 24 65 40 25 1 53 82 23 74 11 76 47 65 17 73 96 74 83 85 31 41 62 49 82 70 41 32 8 56 34 26 80 98 60 80 41 6 10 77 28 89 11 62 1 7 20 13 50 23 29 79 23 83 17 32 82 14 34 43 91 71 8 79 19 89 25 26 41 68 15 62 17 50 65 32 62 5 21 38 31 4 46 27 80 63 56 51 8 11 86 74 98 74 88
100 3
10 12 93 44 55 22 46 29 22 64 88 88 71 2 37 15 25 13 55 91 34 48 97 11 44 76 82 85 2 83 31 10 28 41 88 97 38 95 37 57 45 21 79 85 58 4 52 40 26 7 91 19 85 79 55 59 10 53 4 1 64 41 17 37 61 35 74 58 11 88 72 76 79 61 93 61 24 10 43 82 52 22 26 52 25 47 13 46 91 25 49 52 64 93 26 10 77 76 98 41
100 3
76 40 20 14 77 64 64 68 28 98 6 62 73 47 10 44 88 40 16 10 88 88 88 97 44 5 74 22 37 31 32 80 47 4 26 54 10 37 15 25 98 21 62 30 94 19 67 14 46 55 79 53 10 89 85 10 4 1 43 61 67 82 85 17 28 50 63 41 94 98 40 97 72 9 29 61 16 28 55 4 62 39 4 67 67 58 88 37 46 4 28 17 16 46 28 10 73 70 55 73
19 2
41 47 38 78 30 7 60 42 1 62 65 2 59 28 40 24 71 25 22
100 3
85 22 20 31 22 53 20 73 93 79 8 4 87 59 40 58 61 57 10 20 25 62 57 97 22 40 19 77 10 49 6 15 79 49 47 28 4 37 73 76 67 49 66 10 10 55 20 31 19 57 67 83 82 76 50 90 70 55 89 26 2 98 73 91 26 31 91 79 70 70 82 5 64 11 46 88 73 70 33 26 97 61 49 33 34 73 58 79 60 58 38 52 58 87 87 32 34 79 19 68
100 3
58 62 37 17 23 8 26 53 64 51 77 36 64 43 55 43 57 80 50 67 48 80 29 25 5 55 86 46 38 73 80 8 77 23 94 11 70 35 83 41 8 83 88 2 68 74 27 34 1 32 50 85 29 62 21 79 50 31 86 77 71 9 41 41 96 11 38 11 37 51 68 2 42 81 2 40 2 71 4 72 20 44 50 68 13 59 14 76 32 16 32 64 76 29 38 5 77 71 59 54
100 3
88 23 82 43 54 41 64 5 92 44 90 53 80 88 52 13 86 26 78 30 2 20 27 44 32 89 32 42 26 77 91 27 28 91 16 57 53 36 41 97 16 56 37 44 58 80 58 95 32 68 62 53 91 46 50 59 62 47 74 89 23 85 26 2 35 98 77 40 59 53 65 76 11 64 26 8 41 93 68 44 11 14 64 26 12 12 26 26 23 95 86 14 76 68 63 75 62 25 73 52
100 3
16 1 45 68 94 40 47 27 62 58 32 94 64 56 34 5 42 66 49 15 20 72 11 97 65 26 32 25 69 83 51 62 32 76 11 2 45 2 83 53 11 73 74 36 67 34 79 32 20 90 98 83 11 17 5 39 47 7 11 46 68 47 13 53 89 77 50 32 29 35 20 17 8 58 36 63 72 47 11 44 33 74 77 81 59 33 95 14 4 38 49 54 80 80 26 74 70 80 23 95
100 3
72 23 86 59 36 26 46 59 17 25 65 56 14 29 63 35 7 62 26 75 41 56 56 53 62 85 95 53 14 83 11 29 62 46 68 84 55 82 59 72 95 44 80 95 73 61 40 71 63 74 19 40 56 6 40 41 68 51 95 95 39 65 28 65 86 53 50 55 98 65 17 38 53 43 80 58 74 4 8 21 62 51 32 14 89 71 31 80 22 11 20 9 64 11 48 20 44 80 52 40
100 3
26 62 22 32 53 40 11 81 97 29 91 65 29 37 32 28 91 80 25 50 95 65 21 41 97 62 98 10 2 44 65 86 79 79 53 42 15 58 35 16 62 49 43 92 17 59 62 68 48 49 73 2 14 46 89 23 57 73 28 57 10 91 11 48 95 77 8 83 4 28 11 4 82 71 32 98 29 19 59 68 16 93 5 86 34 82 19 98 83 45 96 32 86 32 47 20 32 5 64 94
100 3
95 59 10 16 5 22 56 83 35 26 41 27 46 53 56 26 50 8 55 62 95 22 38 94 33 35 92 26 59 29 96 13 13 42 74 43 50 2 11 23 92 43 29 19 41 56 38 44 44 29 45 80 23 21 9 29 92 95 45 74 39 88 90 65 52 8 95 92 52 17 41 50 2 8 59 31 21 11 25 1 29 29 5 13 89 58 64 68 77 58 86 70 65 81 16 47 91 95 92 83
1 2
24
2 3
55 94
3 3
38 95 8
100 3
19 13 59 64 46 11 29 61 14 34 76 46 52 89 11 85 98 15 89 38 26 26 49 12 2 31 16 83 85 19 88 13 54 88 63 54 16 96 63 60 3 10 82 22 7 46 40 49 44 53 28 19 85 16 8 47 48 35 94 97 25 34 1 19 10 59 10 18 1 40 40 44 37 80 46 41 40 76 18 75 8 61 97 80 10 28 49 87 70 17 43 3 25 22 88 85 2 43 25 22
100 2
61 91 85 9 88 88 36 90 17 4 53 31 97 9 33 90 36 96 58 80 48 66 45 2 51 27 13 4 40 46 86 21 15 44 74 33 73 49 44 91 39 10 31 84 40 76 88 6 74 55 45 53 65 23 42 23 28 67 40 81 67 6 27 21 83 52 87 75 32 8 80 31 61 35 82 17 8 45 87 24 10 67 38 27 72 46 36 55 64 10 7 76 57 97 84 14 77 54 41 52
100 3
92 26 37 38 77 94 67 40 23 13 35 40 33 71 35 79 76 49 55 25 1 65 2 66 64 89 29 5 58 68 19 2 55 27 50 97 35 23 74 46 77 83 78 95 76 61 47 23 11 81 62 79 41 86 98 89 44 25 68 43 17 1 96 56 35 10 44 89 65 58 17 91 68 4 51 4 89 35 74 63 22 23 15 10 68 32 71 95 35 84 52 71 41 17 92 17 8 26 76 26
100 3
86 95 43 29 68 68 10 44 41 87 34 86 83 7 50 5 69 83 70 56 20 98 21 16 94 80 8 36 73 95 41 62 13 71 2 95 41 38 14 62 45 64 71 98 20 8 77 68 14 92 86 20 5 28 61 86 59 70 56 12 98 92 61 41 89 90 70 93 13 14 45 35 80 20 32 5 74 43 74 20 28 77 50 92 20 97 28 65 24 41 50 68 37 90 62 32 15 37 66 53
2 2
1 47
100 3
31 51 23 70 46 31 1 58 51 88 65 60 66 56 31 25 21 73 89 75 40 65 98 83 64 24 7 15 70 70 8 1 70 82 81 1 28 11 53 46 31 37 46 22 44 16 91 4 37 37 58 4 91 29 38 91 19 63 34 22 16 1 91 52 75 32 79 61 97 26 74 81 43 73 39 87 22 89 4 73 1 25 41 10 59 45 82 97 25 13 85 91 54 76 4 31 55 52 16 86
100 3
26 35 74 59 26 85 39 92 98 44 35 53 58 91 71 40 41 91 82 7 74 2 13 28 86 77 37 53 13 32 57 62 53 95 82 32 38 47 98 92 67 41 41 43 69 71 3 94 10 40 8 81 77 38 65 19 47 8 60 22 40 77 68 72 47 52 57 71 57 12 89 58 35 2 1 8 11 44 17 88 10 56 21 58 43 71 32 68 85 61 91 80 97 53 12 11 26 83 52 44
17 3
97 79 32 88 73 25 65 24 76 19 37 67 8 2 5 2 52
100 3
44 2 13 32 49 87 19 31 13 74 41 19 91 37 74 43 94 12 17 46 46 95 29 64 67 13 64 19 19 71 55 37 80 58 25 16 82 85 65 88 23 21 40 73 53 39 1 39 73 14 16 91 58 74 88 89 14 94 16 82 65 80 10 92 46 52 46 50 35 20 29 46 49 25 88 17 87 28 70 7 52 94 61 31 20 16 67 17 55 7 79 13 5 52 26 16 20 31 37 84
100 3
60 8 14 62 47 92 17 28 88 59 83 77 95 17 83 88 53 28 14 88 14 8 26 68 27 67 65 14 16 50 92 2 59 98 5 47 47 41 5 53 5 38 5 59 34 17 14 56 55 38 13 52 70 80 90 32 41 38 93 91 55 83 89 80 53 41 56 2 5 5 56 30 13 98 86 5 38 26 80 8 56 54 73 78 50 61 52 67 86 26 29 87 53 61 92 28 97 59 62 59
1 2
59
100 3
11 64 28 10 14 7 58 91 19 73 23 37 94 79 80 91 75 88 97 17 72 37 63 17 94 94 70 4 14 8 5 7 58 25 2 7 74 16 2 31 50 79 10 58 93 70 65 53 19 34 17 88 29 76 82 43 70 61 13 81 52 49 58 2 57 13 82 49 7 6 59 16 90 77 92 25 97 73 79 6 24 13 32 44 94 49 87 34 33 25 71 25 16 4 7 27 91 10 97 42
100 3
91 73 47 70 90 14 46 71 38 82 17 70 97 94 14 81 77 7 58 79 58 16 37 55 37 29 34 1 39 7 16 64 8 78 91 25 91 21 13 1 63 86 39 4 4 88 50 33 40 22 89 79 64 13 95 12 22 17 17 61 76 14 62 22 25 81 76 73 73 61 51 41 19 85 73 11 58 14 80 73 19 17 16 64 88 1 67 97 16 76 69 65 76 88 12 67 30 35 70 51
12 3
56 85 50 64 67 86 92 56 50 94 40 70
100 3
74 94 1 67 86 77 19 74 70 97 29 25 73 20 57 59 97 27 97 47 10 46 34 26 89 97 16 13 72 46 85 82 28 66 61 26 79 85 77 19 19 43 50 58 7 16 22 46 73 55 43 22 41 43 77 34 55 46 85 34 61 16 10 61 77 4 31 82 67 88 95 31 40 66 61 43 7 86 59 97 77 67 16 82 58 80 52 81 34 74 69 27 26 94 95 91 70 11 78 1
100 3
20 82 41 22 44 98 43 83 95 49 92 86 3 83 2 55 35 35 89 42 20 29 86 82 52 44 11 36 2 23 89 86 28 62 46 55 30 15 55 49 83 95 11 32 59 75 74 38 50 8 44 92 76 34 47 41 76 65 56 79 73 5 28 14 76 89 73 87 48 89 86 47 56 97 64 56 22 4 5 86 4 39 64 82 17 21 23 34 94 25 19 97 88 90 22 56 26 92 37 22
100 3
27 86 71 28 47 83 41 11 92 35 32 11 85 29 47 17 80 18 65 71 76 92 38 21 11 11 77 65 80 13 92 47 53 2 65 14 22 58 77 16 34 98 52 46 17 35 25 14 53 91 36 13 83 76 21 11 38 8 17 16 79 2 32 98 84 62 17 83 68 38 24 92 79 22 11 35 11 81 20 2 14 7 63 22 32 29 5 14 14 50 44 16 50 38 14 47 41 80 81 73
100 3
68 16 49 1 67 3 85 52 52 52 40 19 52 65 91 37 19 5 14 3 82 11 81 13 61 13 67 13 7 23 38 28 89 6 20 6 50 19 97 43 82 55 73 34 76 72 46 64 18 70 41 88 85 73 79 62 8 8 43 23 40 40 53 32 41 13 55 79 32 13 65 89 42 30 28 53 43 78 58 77 62 43 91 49 89 75 55 44 80 75 92 55 68 20 22 97 73 25 67 75
100 3
19 29 53 37 52 28 62 19 37 77 41 35 40 7 97 65 30 13 49 79 65 61 94 74 59 43 17 67 82 32 74 91 63 24 46 14 61 53 91 16 68 60 76 86 74 94 55 88 34 70 52 88 49 52 66 70 62 1 32 92 7 71 34 55 71 58 38 58 88 7 31 55 7 28 83 41 13 33 88 67 70 28 83 70 21 82 34 67 84 37 28 67 37 82 28 88 65 31 2 28
11 3
34 47 85 94 41 26 70 28 71 55 50
100 3
40 80 91 92 19 38 76 29 16 22 73 28 1 26 46 27 69 44 64 85 62 65 85 97 11 70 70 23 23 79 4 49 19 91 46 48 48 1 73 4 25 38 76 91 28 40 16 88 58 25 61 1 43 25 8 91 13 95 47 30 64 36 34 13 77 43 80 49 72 10 40 52 76 97 28 67 13 22 1 10 85 79 85 25 35 38 4 97 14 26 80 46 87 21 79 32 85 91 74 91
100 3
16 11 19 50 92 31 10 10 82 94 13 77 57 76 37 10 70 62 29 92 1 1 46 93 85 58 70 37 94 1 1 48 82 50 56 14 91 93 88 46 17 94 64 49 7 84 82 94 28 77 82 52 50 14 5 52 85 55 1 21 58 1 46 3 57 76 60 23 48 52 55 71 46 32 76 97 79 19 46 89 44 55 49 19 19 40 86 82 11 26 70 19 92 75 34 16 97 13 2 98
100 3
23 76 47 2 41 34 86 13 11 70 62 41 20 73 29 94 47 65 46 21 86 14 71 29 50 92 69 20 70 13 95 73 29 86 40 35 14 23 26 88 13 53 74 63 59 20 2 37 59 79 97 71 89 59 2 40 47 58 12 37 26 86 44 17 48 10 48 8 89 21 77 13 20 47 29 71 43 10 65 50 97 41 35 49 59 61 40 38 20 7 74 4 41 89 53 35 35 23 17 86
20 2
62 15 22 96 35 39 16 11 71 42 92 71 14 50 35 28 86 17 27 42
21 3
22 13 74 17 50 54 46 49 41 42 1 89 46 46 22 81 58 62 58 80 28
100 3
50 97 65 86 32 34 26 14 65 86 89 61 61 58 44 89 45 38 11 29 52 40 70 86 1 77 22 61 43 65 90 64 13 5 86 49 38 20 20 8 47 74 38 68 50 5 15 51 80 35 33 10 20 38 58 95 34 46 2 38 50 74 86 4 95 64 86 56 10 7 92 77 38 10 73 79 50 95 22 86 32 7 17 94 55 98 17 26 83 53 83 56 83 54 75 98 70 72 58 57
21 3
44 47 43 20 50 22 89 16 71 76 98 19 64 93 2 74 83 41 79 20 68
100 3
13 66 43 55 7 79 61 7 40 55 49 34 81 64 96 4 56 7 65 47 7 52 13 25 81 94 76 13 67 53 1 22 7 2 71 70 19 76 53 62 11 95 55 76 23 37 3 73 34 40 79 25 59 82 25 37 67 59 61 87 39 46 35 77 98 10 2 49 34 37 4 88 26 38 49 94 74 11 15 67 62 53 97 14 85 1 55 80 88 80 58 43 82 35 73 97 79 28 10 43
100 3
95 47 52 26 85 34 79 47 3 38 52 44 67 95 55 24 91 44 4 73 55 94 43 14 46 17 62 49 89 77 7 52 4 68 31 37 98 58 93 4 64 55 57 70 70 25 19 52 93 50 61 59 4 5 74 66 91 61 47 97 68 46 20 1 35 89 91 95 40 85 43 71 24 27 70 34 47 73 72 37 91 11 90 33 33 48 69 49 70 19 46 86 49 55 2 68 4 10 61 85
100 3
90 88 25 97 14 47 38 94 89 83 42 67 19 35 77 27 83 34 70 62 10 67 64 85 53 85 2 1 61 44 13 68 18 41 53 41 11 61 34 24 37 10 28 31 51 44 44 64 53 41 62 10 68 29 94 16 47 19 49 14 43 73 52 49 55 13 34 61 61 13 20 79 25 91 85 82 4 49 70 8 64 37 88 79 80 37 46 58 91 37 7 28 22 89 25 92 58 77 13 35
26 3
44 20 80 74 5 13 31 38 36 52 32 40 2 20 89 69 20 43 98 16 74 14 6 65 26 46
100 3
53 98 10 92 95 53 44 65 7 29 20 2 29 20 20 94 27 58 2 87 75 73 41 29 35 80 62 43 31 11 20 55 50 91 68 35 5 14 41 41 66 76 88 11 53 77 41 17 77 94 15 27 95 55 61 88 52 53 5 94 16 65 44 29 5 17 65 29 5 62 5 14 68 56 38 19 38 87 23 1 23 23 92 76 77 5 46 44 6 2 8 35 46 20 98 26 82 75 53 79
100 3
68 97 68 82 2 10 49 76 2 64 20 80 23 82 95 92 61 74 7 37 61 43 29 28 94 46 52 83 83 53 70 43 10 7 43 67 55 80 23 82 8 95 86 34 47 85 49 31 29 65 43 97 11 26 50 20 67 44 46 68 34 55 98 76 95 44 59 62 55 91 89 80 43 35 55 73 47 20 59 61 40 50 31 38 35 98 14 5 86 56 98 44 50 86 8 17 74 92 91 16
21 3
88 37 50 95 32 2 74 70 95 20 73 2 26 83 28 68 65 62 89 31 73
1 3
6
100 3
47 35 62 8 23 5 32 35 97 40 49 78 46 29 47 8 54 98 53 16 85 62 96 45 67 98 10 8 21 59 18 56 53 89 63 68 20 62 43 8 37 23 92 50 52 89 54 10 50 32 35 32 91 53 35 7 50 38 85 68 47 48 23 36 95 6 56 67 11 92 52 95 86 31 56 59 91 58 38 83 40 86 41 41 1 49 61 98 19 38 46 76 34 38 49 50 63 70 83 47
100 3
43 97 65 46 25 7 81 88 28 22 14 79 54 37 5 31 83 49 16 82 18 65 61 4 92 97 44 53 88 26 22 8 65 19 61 37 41 4 25 34 67 28 45 37 27 94 58 41 77 16 15 31 65 85 3 64 73 11 85 94 37 46 72 16 43 67 38 38 43 77 17 49 59 52 7 29 34 45 25 71 26 97 41 28 4 32 84 40 43 8 64 11 18 12 54 1 73 1 19 61
100 3
98 26 82 49 71 38 69 48 55 51 17 58 91 16 61 5 79 82 82 58 16 1 13 28 97 74 2 58 82 47 59 81 32 88 63 4 67 83 84 55 40 13 61 14 1 19 1 8 30 14 16 82 55 76 52 29 30 28 48 88 34 34 85 61 8 64 10 70 61 58 77 78 96 76 23 94 5 25 37 37 52 65 80 79 52 91 62 37 31 82 79 1 51 30 4 28 22 44 94 46
100 3
71 70 2 67 8 61 80 7 43 77 13 43 9 52 76 67 35 3 19 74 70 62 62 48 74 44 25 38 11 35 8 59 98 71 26 73 38 11 86 35 16 79 31 75 85 40 5 53 95 63 43 50 68 80 95 25 62 70 82 98 8 16 10 47 38 13 59 85 50 5 17 92 71 17 54 14 5 52 4 92 19 53 11 32 16 48 11 59 34 77 23 34 49 73 96 32 41 35 10 32
100 3
41 80 61 25 13 46 76 85 82 76 64 20 28 16 52 17 40 79 55 22 47 78 75 31 76 28 7 19 73 82 49 16 95 41 4 65 44 34 7 73 38 55 79 30 52 23 3 1 61 98 77 74 97 77 93 57 85 34 68 87 70 25 61 37 24 94 30 61 67 64 13 28 34 47 71 18 52 1 59 46 62 47 65 79 84 16 23 16 58 74 67 44 43 26 94 58 7 69 91 40
100 3
74 41 62 24 92 70 79 38 53 83 36 93 38 23 68 71 98 44 11 65 3 77 71 38 76 2 83 83 14 79 47 50 5 58 73 75 35 86 35 14 34 76 18 37 86 22 31 50 22 23 74 44 25 79 29 78 41 71 43 92 20 43 23 14 64 46 57 9 29 83 68 56 71 40 86 82 58 2 73 31 53 23 26 86 88 94 50 69 32 58 65 56 70 58 14 89 84 13 86 56
100 3
89 19 4 50 68 47 65 97 8 14 19 37 25 30 16 15 84 8 41 86 38 5 25 70 25 86 41 25 3 14 46 83 38 23 46 76 37 26 10 38 62 95 38 17 95 96 73 96 44 17 41 80 83 24 50 32 49 9 95 44 89 26 71 80 92 13 68 77 41 35 92 34 31 44 68 11 56 77 2 71 9 5 8 70 44 67 70 37 68 44 77 80 89 25 10 85 49 35 11 29
100 3
2 98 5 98 38 11 32 82 26 57 13 32 20 26 34 13 17 89 89 51 53 53 11 98 28 10 65 68 18 47 53 23 23 97 86 64 80 91 38 88 29 28 97 86 53 50 80 35 14 68 36 73 74 73 20 65 61 12 26 49 86 41 73 38 62 80 10 10 41 40 2 58 53 38 20 83 26 95 39 8 5 32 32 45 5 83 95 23 36 56 47 79 43 49 26 44 40 13 26 74
100 3
94 53 16 45 62 11 89 38 86 67 77 44 32 86 70 82 22 95 2 20 95 12 68 52 74 94 29 62 11 95 64 59 27 30 43 38 5 80 94 83 86 35 58 50 68 20 64 53 29 46 38 23 83 59 46 6 11 62 5 17 83 29 66 11 82 33 4 38 34 47 95 47 2 89 56 97 74 39 77 53 80 86 56 98 62 31 3 54 77 44 59 35 50 47 95 25 58 94 2 5
100 3
52 50 93 4 20 85 91 5 59 85 55 5 62 74 19 32 75 95 64 91 49 28 91 64 7 23 19 20 65 35 26 59 66 23 47 32 59 98 93 77 40 19 86 34 83 70 38 11 52 34 44 74 4 74 50 2 56 69 95 71 91 67 77 23 95 14 93 81 62 59 56 98 62 11 88 17 83 6 4 86 55 3 71 25 58 86 36 31 39 41 94 7 14 11 69 88 25 55 34 35
100 3
94 55 41 64 51 1 27 98 33 29 24 58 16 75 87 78 16 68 64 50 73 20 81 80 41 96 30 43 80 9 22 12 4 7 83 36 75 43 41 86 25 15 74 71 87 5 76 9 14 54 75 81 58 70 62 70 55 85 96 49 29 67 96 61 41 87 74 60 26 49 23 64 42 61 93 89 8 31 81 62 63 35 13 20 26 50 14 96 28 50 48 25 84 66 55 52 47 88 17 39
100 3
5 8 27 35 48 56 62 91 13 23 68 95 43 43 13 8 14 32 5 44 70 83 83 5 56 53 4 83 64 98 23 80 83 3 46 87 38 37 92 9 62 75 59 59 85 43 25 53 46 86 2 11 29 38 56 31 79 76 80 74 34 74 20 39 5 26 5 89 77 82 74 58 46 83 8 16 38 14 40 45 24 59 26 85 14 8 26 7 77 97 56 35 22 60 53 7 23 98 2 70
12 3
28 86 76 19 95 62 34 19 95 83 27 71
100 3
49 4 43 29 22 1 37 11 17 59 35 73 61 34 68 17 83 41 61 43 79 58 53 97 11 34 83 88 28 94 25 91 92 43 5 32 59 26 41 61 41 11 47 20 64 64 71 22 22 62 28 28 23 5 40 68 11 13 1 86 76 79 70 56 43 82 11 19 32 62 14 88 35 92 80 68 53 98 43 17 85 85 10 77 94 70 89 29 23 14 37 5 94 7 1 34 91 62 83 77
19 3
76 68 40 81 10 76 96 65 98 58 59 56 2 78 98 63 31 92 7
100 3
81 43 91 47 29 55 10 31 95 2 52 88 43 40 5 17 53 28 76 14 85 53 10 62 34 4 40 5 98 91 95 79 52 38 89 35 1 94 34 19 40 16 97 64 79 40 98 19 46 71 70 24 16 53 88 97 52 49 32 40 61 55 70 94 36 55 22 10 49 47 91 34 76 35 72 26 8 70 16 32 65 46 8 91 64 70 22 83 94 1 47 13 38 19 47 62 85 56 61 72
2 3
47 17
100 3
34 2 61 71 1 76 8 88 18 47 98 14 20 18 32 44 56 26 47 59 64 83 67 92 92 7 68 5 84 79 79 53 11 58 53 22 72 5 95 74 31 62 64 1 50 38 46 11 2 2 71 70 85 77 91 95 68 20 74 31 38 71 86 80 74 36 80 49 61 32 14 47 74 10 14 92 23 28 10 71 50 91 9 92 2 7 44 8 61 40 53 98 8 18 60 59 13 34 5 14
100 3
5 91 95 86 95 86 19 73 68 2 89 89 92 72 46 80 29 62 6 50 82 95 55 71 31 82 56 11 98 30 97 46 13 64 86 78 59 35 23 59 98 77 54 91 92 58 77 29 78 56 6 35 46 72 47 77 31 55 38 80 71 16 59 18 82 76 16 44 56 46 8 64 9 62 47 44 59 4 28 93 69 47 5 62 3 95 29 55 71 17 80 61 49 42 18 34 79 93 22 25
100 3
86 61 5 59 32 50 33 20 44 89 37 70 66 40 7 29 67 26 77 35 68 91 20 82 8 50 43 20 53 76 43 44 83 89 71 8 50 16 67 41 89 62 5 41 96 85 10 32 49 16 71 83 62 5 60 49 29 41 66 92 78 56 5 57 46 17 26 61 73 95 77 71 22 6 93 29 68 65 51 45 83 46 98 67 37 47 65 20 20 5 49 92 2 86 14 59 44 68 90 52
100 3
43 67 85 80 19 38 62 59 37 93 93 7 29 13 85 43 19 48 61 94 3 91 20 25 71 97 18 64 44 1 37 75 34 64 5 73 31 23 7 19 73 37 14 72 85 17 29 69 10 23 89 60 77 9 90 40 80 58 31 91 46 25 18 97 66 19 43 74 2 91 31 88 61 17 53 97 37 67 58 1 34 5 86 55 31 28 34 4 41 1 40 88 10 43 69 79 34 50 1 58
100 3
4 73 37 44 13 70 58 19 37 79 76 74 8 57 55 35 31 22 28 22 34 38 31 73 89 69 93 75 28 10 79 89 31 76 61 67 2 76 70 10 64 61 72 89 37 51 73 31 64 65 76 49 19 62 91 88 74 10 68 40 10 91 55 16 33 72 53 19 34 70 40 43 71 61 86 64 62 77 55 43 10 31 94 13 68 88 37 82 58 37 92 52 85 43 4 32 20 7 13 35
100 3
28 70 97 49 20 58 35 68 19 40 27 28 65 12 24 2 49 94 55 46 1 25 92 31 20 4 16 20 91 76 28 79 10 7 79 13 46 8 46 22 16 17 37 19 91 6 43 77 35 81 43 39 98 62 61 22 4 95 80 74 7 92 52 73 1 35 94 66 1 78 15 43 36 92 46 97 92 31 55 25 82 44 67 15 58 55 79 95 49 23 47 34 10 8 56 61 38 70 73 58
22 3
40 38 61 38 44 94 2 53 73 46 82 80 38 65 14 71 19 94 14 2 44 68
