1
1000 100
16808 75250
50074 43659
8931 11273
27545 50879
77924 37710
64441 38166
84493 43043
7988 22504
82328 31730
78841 42613
44304 33170
17710 97158
29561 70934
93100 80279
51817 95336
99098 7827
13513 29268
23811 77634
80980 79150
36580 58822
11968 10673
1394 19337
25486 91746
25229 94092
40195 86358
35002 21154
16709 57945
15669 71491
88125 2197
9531 60904
27723 54667
28550 18025
97802 6854
40978 47409
8229 74934
60299 38982
28636 8014
23866 89815
39064 54537
39426 1670
24116 20095
75630 46502
46518 34196
30106 10405
19452 94299
82189 21124
99506 46883
6753 31567
36717 30338
54439 53145
51502 44898
83872 55829
11138 19359
53178 82398
22295 77905
21610 46232
59746 44176
53636 66299
98143 80400
27969 90413
261 73558
41595 88009
16396 25969
19114 4531
71007 10963
97943 85366
42083 79853
30768 33822
85696 24713
73672 59902
48591 24832
14739 53058
31617 19791
55641 10680
37336 77007
97973 36099
49096 75320
83455 45224
12290 56761
48906 86127
36124 29507
45814 76771
35239 29095
96221 87845
12367 40535
25227 15395
41364 18739
7845 59591
36551 45160
8624 64948
97386 7218
95273 55540
99248 42386
13497 94886
40624 82421
28145 31969
35736 99916
61626 63535
46043 96012
54680 24153
75245 77296
78819 90397
87693 1816
12992 40034
22670 19398
89554 10548
75826 21211
29663 30212
33809 73378
22762 626
37336 1869
77996 2777
62768 97440
29875 89332
40557 56302
68873 561
20095 18985
13756 39790
51408 28016
30194 22770
15681 3456
16856 67507
70964 33503
86677 63109
63250 2332
77845 87639
60809 39998
28652 54850
45204 95732
96532 98015
95420 36776
42010 30181
87930 95224
44055 88261
76738 91546
47318 37526
4201 34257
21565 60598
6649 37705
25551 25151
41977 1413
38555 82798
2505 48382
34749 7066
59379 47700
78210 25130
78554 65484
50448 64608
80774 45323
64306 55177
70054 27225
84631 80367
5401 60445
95371 70286
83017 93899
8156 41134
15558 96577
53179 58267
87358 21712
27879 20615
74820 95738
83134 20592
23721 48763
6634 76198
76032 38589
60590 54874
98878 37305
79359 61201
77255 68961
14916 93948
45481 7731
69956 74547
37108 41239
40001 84927
45036 74858
61114 50115
29594 1361
98355 68419
25358 42586
13730 21016
76564 6103
60918 86644
19420 62968
47748 45270
55396 23304
4474 19104
11749 24386
5659 63460
45407 73931
39825 85133
974 59604
46898 7921
3951 35232
88481 20204
13901 24521
62534 81259
17004 18677
20951 23935
58781 79880
41833 82575
33550 74543
6250 52772
66311 15880
984 69971
92041 82724
73651 2972
53230 90319
17747 10300
87231 85622
70777 50125
68245 76959
47697 66772
29065 91561
56599 18752
69941 64504
89552 92802
27206 15081
80419 59275
59650 40414
83321 19026
22013 1784
54789 24118
24009 81551
65325 19196
51258 24512
35691 38667
62411 60594
90554 9566
90961 28743
51404 54353
7308 56142
44911 13201
92800 43128
20172 57788
34415 31626
16642 19518
55349 1843
14316 15975
81446 11374
72221 39912
9240 45055
41306 56930
82254 54190
15167 4357
59305 59861
45899 5593
1721 66117
51581 98868
49353 26940
78699 94902
60812 16617
56892 48672
31729 26672
51662 77046
3121 20241
17159 99454
69628 85351
53712 35564
29595 7534
1728 7828
98796 19532
37443 51517
85007 78516
66925 42602
27098 68662
67104 34325
80109 44937
2282 17016
43711 63217
1906 75974
67782 82721
70792 81170
97866 15828
29537 16729
57126 20385
80168 89950
477 16047
21577 68667
77468 60521
27385 41992
25211 33259
28212 68745
19519 85719
21935 66826
80768 58690
49819 73015
11826 2919
58029 33030
78035 6728
51241 33755
86541 8397
90936 3084
48049 46866
87012 15253
53065 77877
17238 32676
70246 82711
70416 28193
24711 54748
63038 1300
68448 49716
41694 59580
67130 95165
33980 53502
95526 10290
74959 14034
11801 65090
87671 35218
80847 21039
9544 40339
85937 3322
97720 36497
91248 43789
28360 25988
45036 65236
83913 85685
45990 83785
63735 22668
520 72616
67046 65977
26662 65826
82820 71632
22904 72699
36799 92640
14005 9504
680 48766
7392 4108
64925 14366
57122 14455
77107 27451
51704 30833
71033 32142
61655 81978
42218 53901
57290 73466
84748 3623
89880 59318
1517 64049
82763 21030
49040 52709
5904 2658
10762 75753
61467 8622
44558 6997
26956 66931
21495 45556
92222 29313
2294 31428
42233 77445
34792 2199
49153 44857
73571 64304
27440 12915
35800 26767
91836 81922
46044 22753
74087 89720
39151 68411
18624 44670
9606 49944
37312 22432
77993 39817
38700 86972
80640 1371
25837 79892
82858 94834
83329 18178
74411 17684
85177 23490
72092 70435
84712 26905
91027 64892
10791 523
59365 6891
24885 16814
41442 7128
16180 85785
94538 29871
87562 32582
74166 45803
57733 67333
47855 59760
9848 72378
40463 79011
43820 98151
13378 942
43837 26721
32300 96113
34760 19957
74391 36153
30049 95015
59045 14919
40151 50102
41296 19822
95732 44502
28246 54962
46058 3511
93929 50806
62174 82138
9670 39097
4504 47422
18676 78519
24301 76490
40263 32055
68264 58644
24890 45251
76736 69416
31365 52495
50964 67759
85653 85093
57317 66715
61421 58061
7451 63369
78742 91848
99197 4788
2502 88235
93129 70572
77449 87876
17254 41872
69330 62294
33720 73472
38821 25765
81080 42631
94411 88081
66114 63343
98139 48383
46045 98829
98394 63576
981 9001
45597 5948
67371 66088
6544 52734
62853 90262
76825 54401
82381 70779
71858 73424
59499 67015
52846 61663
68510 26611
96850 9219
19291 75056
85744 18556
36386 6535
86276 77322
11152 21227
75252 94460
32784 16715
66438 37880
7699 14101
83138 94286
45879 18285
70343 64916
45961 63068
35141 10708
43567 20729
563 66364
41970 42891
12624 22279
17314 45762
27011 34841
76979 46001
7395 34508
87657 66552
61787 93432
54545 80740
8777 7585
74253 74109
75515 91455
95020 83029
66672 92371
56664 67948
84025 24544
16855 6009
14982 80553
86289 68164
8360 11020
55380 95357
19462 8488
8354 43900
85789 94245
69881 82467
38284 65275
237 18910
98568 21835
47940 69685
69652 89550
9267 47468
111 19590
86328 97774
25582 89296
7937 37875
45436 58232
66973 83029
19799 39071
74588 66298
69090 2647
29091 58112
66613 57464
72113 23782
51952 29231
3322 53214
55129 71951
28601 88960
49755 89993
55195 3331
48633 53560
58778 67780
18633 63273
86384 39082
37154 32623
98522 97957
9819 75592
66901 197
74121 62705
33600 7130
27145 59176
40871 18417
4600 47081
74619 64289
79453 48129
52801 87663
44841 79150
86386 66584
24516 30660
14879 45960
18562 68383
28049 84055
49441 51382
18771 2029
40252 67545
5870 17596
72470 22711
8173 5924
52126 56220
98851 61432
11244 47847
25870 66671
41395 94611
26393 31065
9525 59362
39520 93621
81563 71662
3726 79435
5950 22091
37323 86261
60094 59929
85123 16382
26367 66469
71024 12723
66640 63518
8794 69365
59179 61957
56772 88342
51356 60837
68490 79729
67121 74903
10313 39617
33348 53947
32852 2673
25812 46524
91737 82606
29608 80634
87867 91554
41413 97926
14041 59154
34258 21734
88296 88140
42252 61259
92695 94161
51139 49930
19876 4599
94293 25634
14563 43277
93237 90647
83874 29465
27485 42193
54120 33843
99329 78860
263 44146
5717 27128
92173 8749
44001 74371
61399 61293
89546 8929
12301 92144
52193 73564
14784 44273
69802 84010
46222 14487
24514 15770
32532 45358
45820 49487
46857 39817
64255 9755
49815 62616
66538 62967
47298 58878
25761 77413
80192 38232
54175 12464
14878 80325
94785 27834
6751 59528
45000 77430
99610 12145
55365 72452
32813 51980
24135 32408
93584 67601
14260 88311
754 15892
79322 73226
65254 13930
36097 30554
30662 84859
27492 22964
42921 40769
81688 16527
55473 35220
55642 38205
82952 88093
58446 81371
49475 41963
96177 25318
25827 58414
23345 62572
85980 51036
68130 57289
59849 979
5618 17724
47839 19509
88930 94927
29969 71807
25200 32256
59830 23277
3489 27897
2820 61865
91138 92417
80319 4492
80684 18399
91121 19749
89962 5652
11019 75978
79947 18662
31479 12229
25064 25236
71507 91309
78969 55680
4120 7324
49678 79393
78954 56979
51854 89296
8272 48476
40205 66963
28033 8820
83532 34036
9469 52469
52611 50235
67271 6779
6266 69046
43280 89076
75328 12688
25364 59038
75767 74535
3084 18676
26185 59556
44157 17400
63665 52094
57887 20634
44925 88048
195 71331
36768 25666
6911 31683
56806 96315
79653 76242
73586 37592
97807 64761
17961 913
10404 63431
1086 14201
48586 84468
30485 3989
55201 95687
80101 45496
28200 61103
4429 67184
93918 7137
87803 74490
56579 39726
20790 46723
60596 40606
42320 38692
20722 17775
98515 69863
75707 71284
34627 16420
23802 94331
97645 52376
23259 1463
3132 46737
60721 8309
61025 86948
80509 88412
19398 56001
78315 61897
34000 95646
92534 14963
80540 13755
58822 94287
76537 11
14663 78174
14494 6636
74989 84572
6839 4822
64892 98414
50561 89958
44093 58744
89776 32769
30414 416
16637 19892
23348 54370
54833 24135
28929 95144
40880 10907
39055 25808
32538 35204
4422 27448
51035 51950
19417 67760
81939 78551
35184 52187
81097 59686
70525 97923
60364 29182
73013 33252
72203 35496
61537 33455
2209 46981
8032 20831
32096 66715
13113 12137
29938 22010
15686 42920
84382 69611
99909 11610
99440 32868
96120 11267
75000 44521
74516 42578
59923 97143
3981 35882
26886 10031
56326 12437
46995 43946
52603 23234
28481 63457
92835 76518
98882 8782
33459 62806
74993 74161
48652 16202
8543 53945
49636 7556
21873 57444
47323 37014
78442 84782
85780 69519
47161 61730
64956 59083
29365 3033
19314 59196
34329 22505
19856 37712
3882 11611
99905 92552
77617 96762
48865 45406
32123 65114
4944 48637
85119 52995
52189 53744
17640 74503
70344 55071
36220 48213
3318 9933
27783 74098
47860 47074
35591 44820
44011 80912
53016 34979
28543 96046
48271 60563
3009 73984
31100 40710
38214 18551
42952 54666
3503 51618
14954 35300
17917 7585
11870 67443
23504 41516
74330 7258
13383 90265
9353 5155
32527 16028
78756 49260
2953 7387
67423 59130
43787 95550
41880 29199
78891 98604
14687 32444
68828 93586
199 88588
70818 34032
73477 67462
31564 50215
6384 86833
29723 25512
32792 82872
6143 64734
31554 78031
22381 78705
64916 98888
37111 66682
11559 48787
11434 4041
62660 21937
17563 76939
49755 54527
33527 29713
27596 98622
81178 10342
69159 83055
6021 77198
64728 32452
59463 10333
22938 805
46058 54406
908 99944
94259 56540
17344 83698
22282 32966
81458 75606
90118 68413
85625 90185
61460 20300
42217 14741
96852 87847
92923 76894
38616 58050
51362 93650
17232 57797
26124 50697
87445 95251
96239 72432
59360 15936
21266 77802
18388 32438
63949 15121
15425 23895
42776 27904
34990 16287
90846 34144
57258 16333
13262 85579
57105 84203
57032 78221
84687 78631
38644 62368
5649 3845
97318 29750
70126 41274
7864 45417
46681 15349
60980 50958
86815 52706
72190 33308
94906 74528
13615 83716
79309 98898
69450 97496
56030 9027
87867 84399
58986 46663
77519 98854
70580 16204
13384 10724
30560 53222
21175 79035
22676 40703
89437 63280
42916 94751
13014 88851
72493 2949
84084 82982
25848 43209
32707 10179
42307 58268
4115 33911
84471 27359
28618 24947
22305 77657
49664 33638
49899 91735
48657 68509
53013 59114
96281 76725
79105 84614
52074 39963
92980 64378
48270 91148
5632 19754
25634 38740
52521 51195
77598 89425
36872 84959
93321 88949
28019 37402
20518 6393
12614 23581
91357 87941
88595 3869
35671 82464
21650 65135
76426 39872
91892 85651
81218 30011
42655 16526
63902 5495
96393 98035
24971 92547
56188 36122
31566 83590
12972 54866
71161 12111
40776 28110
69695 23324
31535 18475
34415 55495
40424 46876
73078 21358
25628 5223
85575 90173
98840 24040
68184 54418
50531 33891
82607 94897
2013 85896
31939 17517
5322 69685
39228 95579
24461 61973
43488 43636
11582 50527
39195 62031
51296 69259
33420 82213
63444 92313
68707 26629
26594 63927
31227 82727
42734 72982
95297 29393
18062 59010
21378 96125
50523 14241
1053 17816
55181 71293
57152 6053
94974 24678
30418 47627
12466 26262
22740 20850
25008 17720
52431 10377
37826 93582
8328 18660
13498 1194
58226 64830
98823 51349
32554 60880
69469 56228
37425 76432
74278 76407
80501 21273
31602 53931
30699 99078
14550 27295
77128 23653
60 19578
54671 38152
7225 97085
5021 75016
5220 54178
38696 86896
25665 85601
95119 5118
13724 81618
43755 99569
